0.000000000000000000e+00 2.556151776585538493e-01 8.961111111111110805e-01 1.059375000000000039e-01 3.500000000000000333e-02
0.000000000000000000e+00 3.838980245041458961e-01 8.961111111111110805e-01 1.059375000000000039e-01 3.500000000000000333e-02
0.000000000000000000e+00 5.121808713497378873e-01 8.961111111111110805e-01 1.059375000000000039e-01 3.500000000000000333e-02
0.000000000000000000e+00 6.404637181953298786e-01 8.961111111111110805e-01 7.656250000000000555e-02 3.500000000000000333e-02
0.000000000000000000e+00 7.687465650409219808e-01 8.961111111111110805e-01 7.687499999999999889e-02 3.500000000000000333e-02
0.000000000000000000e+00 8.970294118865140831e-01 8.961111111111110805e-01 7.687499999999999889e-02 3.500000000000000333e-02
1.000000000000000000e+00 1.142013888888888939e-01 7.334335227107976474e-01 5.500000000000000028e-02 3.500000000000000333e-02
1.000000000000000000e+00 1.140451388888888973e-01 6.013066824070034677e-01 5.531250000000000056e-02 3.500000000000000333e-02
1.000000000000000000e+00 1.142013888888888939e-01 4.691798421032095101e-01 5.500000000000000028e-02 3.500000000000000333e-02
1.000000000000000000e+00 1.142013888888888939e-01 3.370530017994155525e-01 5.500000000000000028e-02 3.500000000000000333e-02
1.000000000000000000e+00 1.142013888888888939e-01 2.049261614956217059e-01 5.500000000000000028e-02 3.500000000000000333e-02
1.000000000000000000e+00 1.140451388888888973e-01 7.279932119182763728e-02 5.531250000000000056e-02 3.500000000000000333e-02
