0.000000000000000000e+00 4.594101311405432986e-01 8.961111111111110805e-01 5.468750000000000000e-02 3.500000000000000333e-02
0.000000000000000000e+00 6.925700805119285874e-01 8.961111111111110805e-01 5.500000000000000028e-02 3.500000000000000333e-02
0.000000000000000000e+00 9.257300298833142094e-01 8.961111111111110805e-01 5.500000000000000028e-02 3.500000000000000333e-02
1.000000000000000000e+00 1.470138888888889162e-01 7.596937840394503150e-01 1.206249999999999961e-01 3.500000000000000333e-02
1.000000000000000000e+00 1.468576388888889195e-01 6.506799667621816496e-01 1.209375000000000033e-01 3.500000000000000333e-02
1.000000000000000000e+00 1.468576388888889195e-01 5.416661494849177583e-01 1.209375000000000033e-01 3.500000000000000333e-02
1.000000000000000000e+00 1.468576388888889195e-01 4.326523322076445410e-01 1.209375000000000033e-01 3.500000000000000333e-02
1.000000000000000000e+00 1.470138888888889162e-01 3.236385149303805386e-01 1.206249999999999961e-01 3.500000000000000333e-02
1.000000000000000000e+00 1.468576388888889195e-01 2.146246976531074324e-01 1.209375000000000033e-01 3.500000000000000333e-02
1.000000000000000000e+00 1.468576388888889195e-01 1.056108803758434300e-01 1.209375000000000033e-01 3.500000000000000333e-02
