0.000000000000000000e+00 1.969762069318027609e-01 8.961111111111110805e-01 1.059375000000000039e-01 3.500000000000000333e-02
0.000000000000000000e+00 3.182210177793359795e-01 8.961111111111110805e-01 1.059375000000000039e-01 3.500000000000000333e-02
0.000000000000000000e+00 4.394658286268693370e-01 8.961111111111110805e-01 7.656250000000000555e-02 3.500000000000000333e-02
0.000000000000000000e+00 5.607106394744024724e-01 8.961111111111110805e-01 7.687499999999999889e-02 3.500000000000000333e-02
0.000000000000000000e+00 6.819554503219356079e-01 8.961111111111110805e-01 7.687499999999999889e-02 3.500000000000000333e-02
0.000000000000000000e+00 8.032002611694690763e-01 8.961111111111110805e-01 7.687499999999999889e-02 3.500000000000000333e-02
0.000000000000000000e+00 9.244450720170022118e-01 8.961111111111110805e-01 7.687499999999999889e-02 3.500000000000000333e-02
1.000000000000000000e+00 1.251388888888889106e-01 7.714802347858102927e-01 7.687499999999999889e-02 3.500000000000000333e-02
1.000000000000000000e+00 1.251388888888889106e-01 6.740661326191668135e-01 7.687499999999999889e-02 3.500000000000000333e-02
1.000000000000000000e+00 1.251388888888889106e-01 5.766520304525244445e-01 7.687499999999999889e-02 3.500000000000000333e-02
1.000000000000000000e+00 1.249826388888889139e-01 4.792379282858809653e-01 7.718750000000000611e-02 3.500000000000000333e-02
1.000000000000000000e+00 1.249826388888889139e-01 3.818238261192373750e-01 7.718750000000000611e-02 3.500000000000000333e-02
1.000000000000000000e+00 1.251388888888889106e-01 2.844097239525951171e-01 7.687499999999999889e-02 3.500000000000000333e-02
1.000000000000000000e+00 1.249826388888889139e-01 1.869956217859516379e-01 7.718750000000000611e-02 3.500000000000000333e-02
1.000000000000000000e+00 1.249826388888889139e-01 8.958151961930926888e-02 7.718750000000000611e-02 3.500000000000000333e-02
