0.000000000000000000e+00 2.595662200978542389e-01 8.961111111111110805e-01 5.468750000000000000e-02 3.500000000000000333e-02
0.000000000000000000e+00 4.284841899100021445e-01 8.961111111111110805e-01 5.500000000000000028e-02 3.500000000000000333e-02
0.000000000000000000e+00 5.974021597221501612e-01 8.961111111111110805e-01 5.468750000000000000e-02 3.500000000000000333e-02
0.000000000000000000e+00 7.663201295342978447e-01 8.961111111111110805e-01 5.468750000000000000e-02 3.500000000000000333e-02
0.000000000000000000e+00 9.352380993464457504e-01 8.961111111111110805e-01 5.468750000000000000e-02 3.500000000000000333e-02
1.000000000000000000e+00 1.251388888888889106e-01 7.551257994313635979e-01 7.687499999999999889e-02 3.500000000000000333e-02
1.000000000000000000e+00 1.249826388888889139e-01 6.309197578177692112e-01 7.718750000000000611e-02 3.500000000000000333e-02
1.000000000000000000e+00 1.251388888888889106e-01 5.067137162041749354e-01 7.687499999999999889e-02 3.500000000000000333e-02
1.000000000000000000e+00 1.249826388888889139e-01 3.825076745905808817e-01 7.718750000000000611e-02 3.500000000000000333e-02
1.000000000000000000e+00 1.252951388888889073e-01 2.583016329769870500e-01 7.656250000000000555e-02 3.500000000000000333e-02
1.000000000000000000e+00 1.251388888888889106e-01 1.340955913633925523e-01 7.687499999999999889e-02 3.500000000000000333e-02
