0.000000000000000000e+00 2.459649898487304143e-01 8.961111111111110805e-01 1.059375000000000039e-01 3.500000000000000333e-02
0.000000000000000000e+00 3.770604910162684842e-01 8.961111111111110805e-01 1.059375000000000039e-01 3.500000000000000333e-02
0.000000000000000000e+00 5.081559921838064708e-01 8.961111111111110805e-01 1.059375000000000039e-01 3.500000000000000333e-02
0.000000000000000000e+00 6.392514933513444575e-01 8.961111111111110805e-01 1.059374999999999345e-01 3.500000000000000333e-02
0.000000000000000000e+00 7.703469945188825552e-01 8.961111111111110805e-01 7.656250000000000555e-02 3.500000000000000333e-02
0.000000000000000000e+00 9.014424956864206528e-01 8.961111111111110805e-01 7.687499999999999889e-02 3.500000000000000333e-02
1.000000000000000000e+00 1.398263888888889028e-01 7.122218001344311489e-01 1.056249999999999967e-01 3.500000000000000333e-02
1.000000000000000000e+00 1.396701388888889062e-01 5.637049207007169827e-01 1.059375000000000039e-01 3.500000000000000333e-02
1.000000000000000000e+00 1.398263888888889028e-01 4.151880412670027054e-01 1.056249999999999967e-01 3.500000000000000333e-02
1.000000000000000000e+00 1.395138888888889095e-01 2.666711618332885392e-01 1.062499999999999972e-01 3.500000000000000333e-02
1.000000000000000000e+00 1.395138888888889095e-01 1.181542823995743730e-01 1.062499999999999972e-01 3.500000000000000333e-02
