0.000000000000000000e+00 2.309133316090523635e-01 8.961111111111110805e-01 8.375000000000000500e-02 3.500000000000000333e-02
0.000000000000000000e+00 3.705162239425709436e-01 8.961111111111110805e-01 8.375000000000000500e-02 3.500000000000000333e-02
0.000000000000000000e+00 5.101191162760896347e-01 8.961111111111110805e-01 5.468750000000000000e-02 3.500000000000000333e-02
0.000000000000000000e+00 6.497220086096081593e-01 8.961111111111110805e-01 5.468750000000000000e-02 3.500000000000000333e-02
0.000000000000000000e+00 7.893249009431266838e-01 8.961111111111110805e-01 5.468750000000000000e-02 3.500000000000000333e-02
0.000000000000000000e+00 9.289277932766455415e-01 8.961111111111110805e-01 5.500000000000000028e-02 3.500000000000000333e-02
1.000000000000000000e+00 1.284201388888888684e-01 7.506988107548032696e-01 8.406249999999999833e-02 3.500000000000000333e-02
1.000000000000000000e+00 1.284201388888888684e-01 6.002212517177110129e-01 8.406249999999999833e-02 3.500000000000000333e-02
1.000000000000000000e+00 1.285763888888888651e-01 4.497436926806192004e-01 8.375000000000000500e-02 3.500000000000000333e-02
1.000000000000000000e+00 1.285763888888888651e-01 2.992661336435272768e-01 8.375000000000000500e-02 3.500000000000000333e-02
1.000000000000000000e+00 1.285763888888888651e-01 1.487885746064353532e-01 8.375000000000000500e-02 3.500000000000000333e-02
