0.000000000000000000e+00 3.095383604981450931e-01 8.961111111111110805e-01 1.056249999999999967e-01 3.500000000000000333e-02
0.000000000000000000e+00 5.026824759119834507e-01 8.961111111111110805e-01 7.656250000000000555e-02 3.500000000000000333e-02
0.000000000000000000e+00 6.958265913258219193e-01 8.961111111111110805e-01 7.656250000000000555e-02 3.500000000000000333e-02
0.000000000000000000e+00 8.889707067396607210e-01 8.961111111111110805e-01 7.656250000000000555e-02 3.500000000000000333e-02
1.000000000000000000e+00 1.251388888888889106e-01 8.366524187829680326e-01 7.687499999999999889e-02 3.500000000000000333e-02
1.000000000000000000e+00 1.249826388888889139e-01 7.096151482621217976e-01 7.718750000000000611e-02 3.500000000000000333e-02
1.000000000000000000e+00 1.249826388888889139e-01 5.825778777412762288e-01 7.718750000000000611e-02 3.500000000000000333e-02
1.000000000000000000e+00 1.251388888888889106e-01 4.555406072204312151e-01 7.687499999999999889e-02 3.500000000000000333e-02
1.000000000000000000e+00 1.251388888888889106e-01 3.285033366995855353e-01 7.687499999999999889e-02 3.500000000000000333e-02
1.000000000000000000e+00 1.251388888888889106e-01 2.014660661787399665e-01 7.687499999999999889e-02 3.500000000000000333e-02
1.000000000000000000e+00 1.249826388888889139e-01 7.442879565789439766e-02 7.718750000000000611e-02 3.500000000000000333e-02
