0.000000000000000000e+00 2.527680441691776969e-01 8.961111111111110805e-01 1.059375000000000039e-01 3.500000000000000333e-02
0.000000000000000000e+00 3.647342143887498112e-01 8.961111111111110805e-01 1.059375000000000039e-01 3.500000000000000333e-02
0.000000000000000000e+00 4.767003846083216478e-01 8.961111111111110805e-01 7.656250000000000555e-02 3.500000000000000333e-02
0.000000000000000000e+00 5.886665548278936511e-01 8.961111111111110805e-01 7.687499999999999889e-02 3.500000000000000333e-02
0.000000000000000000e+00 7.006327250474657653e-01 8.961111111111110805e-01 7.687499999999999889e-02 3.500000000000000333e-02
0.000000000000000000e+00 8.125988952670377685e-01 8.961111111111110805e-01 7.718750000000000611e-02 3.500000000000000333e-02
0.000000000000000000e+00 9.245650654866099938e-01 8.961111111111110805e-01 7.656250000000000555e-02 3.500000000000000333e-02
1.000000000000000000e+00 1.249826388888889139e-01 8.197042798352310866e-01 7.656250000000000555e-02 3.500000000000000333e-02
1.000000000000000000e+00 1.249826388888889139e-01 6.438542767930184318e-01 7.656250000000000555e-02 3.500000000000000333e-02
1.000000000000000000e+00 1.248263888888889173e-01 4.680042737508057771e-01 7.687499999999999889e-02 3.500000000000000333e-02
1.000000000000000000e+00 1.248263888888889173e-01 2.921542707085930113e-01 7.687499999999999889e-02 3.500000000000000333e-02
1.000000000000000000e+00 1.249826388888889139e-01 1.163042676663799124e-01 7.656250000000000555e-02 3.500000000000000333e-02
