0.000000000000000000e+00 2.891016758150144472e-01 8.961111111111110805e-01 1.059375000000000316e-01 3.500000000000000333e-02
0.000000000000000000e+00 4.229497401747603913e-01 8.961111111111110805e-01 1.059375000000000039e-01 3.500000000000000333e-02
0.000000000000000000e+00 5.567978045345060023e-01 8.961111111111110805e-01 7.656250000000000555e-02 3.500000000000000333e-02
0.000000000000000000e+00 6.906458688942518354e-01 8.961111111111110805e-01 7.687499999999999889e-02 3.500000000000000333e-02
0.000000000000000000e+00 8.244939332539976684e-01 8.961111111111110805e-01 7.687499999999999889e-02 3.500000000000000333e-02
0.000000000000000000e+00 9.583419976137431684e-01 8.961111111111110805e-01 7.687499999999999889e-02 3.500000000000000333e-02
1.000000000000000000e+00 1.617013888888889361e-01 7.662075322076270512e-01 1.493750000000000078e-01 3.500000000000000333e-02
1.000000000000000000e+00 1.615451388888889395e-01 6.673995268849604035e-01 1.496875000000000011e-01 3.500000000000000333e-02
1.000000000000000000e+00 1.615451388888889395e-01 5.685915215622889818e-01 1.496875000000000011e-01 3.500000000000000333e-02
1.000000000000000000e+00 1.617013888888889361e-01 4.697835162396222231e-01 1.493750000000000078e-01 3.500000000000000333e-02
1.000000000000000000e+00 1.617013888888889361e-01 3.709755109169554643e-01 1.493750000000000078e-01 3.500000000000000333e-02
1.000000000000000000e+00 1.617013888888889361e-01 2.721675055942887056e-01 1.493750000000000078e-01 3.500000000000000333e-02
1.000000000000000000e+00 1.613888888888889150e-01 1.733595002716219469e-01 1.499999999999999944e-01 3.500000000000000333e-02
1.000000000000000000e+00 1.613888888888889150e-01 7.455149494895518814e-02 1.499999999999999944e-01 3.500000000000000333e-02
