0.000000000000000000e+00 1.972651443769213031e-01 8.961111111111110805e-01 8.375000000000000500e-02 3.500000000000000333e-02
0.000000000000000000e+00 3.909191887122186460e-01 8.961111111111110805e-01 8.375000000000000500e-02 3.500000000000000333e-02
0.000000000000000000e+00 5.845732330475160721e-01 8.961111111111110805e-01 5.468750000000000000e-02 3.500000000000000333e-02
0.000000000000000000e+00 7.782272773828133872e-01 8.961111111111110805e-01 5.468750000000000000e-02 3.500000000000000333e-02
1.000000000000000000e+00 1.140451388888888973e-01 8.526935938251567482e-01 5.468750000000000000e-02 3.500000000000000333e-02
1.000000000000000000e+00 1.138888888888888867e-01 6.932026088079068504e-01 5.500000000000000028e-02 3.500000000000000333e-02
1.000000000000000000e+00 1.138888888888888867e-01 5.337116237906569527e-01 5.500000000000000028e-02 3.500000000000000333e-02
1.000000000000000000e+00 1.138888888888888867e-01 3.742206387734069439e-01 5.500000000000000028e-02 3.500000000000007272e-02
1.000000000000000000e+00 1.138888888888888867e-01 2.147296537561570462e-01 5.500000000000000028e-02 3.500000000000000333e-02
1.000000000000000000e+00 1.138888888888888867e-01 5.523866873890714846e-02 5.500000000000000028e-02 3.500000000000000333e-02
