0.000000000000000000e+00 2.498136415377386066e-01 8.961111111111110805e-01 1.059375000000000039e-01 3.500000000000000333e-02
0.000000000000000000e+00 3.776684263828976040e-01 8.961111111111110805e-01 1.059375000000000039e-01 3.500000000000000333e-02
0.000000000000000000e+00 5.055232112280566570e-01 8.961111111111110805e-01 7.656250000000000555e-02 3.500000000000000333e-02
0.000000000000000000e+00 6.333779960732156544e-01 8.961111111111110805e-01 7.687499999999999889e-02 3.500000000000000333e-02
0.000000000000000000e+00 7.612327809183747629e-01 8.961111111111110805e-01 7.687499999999999889e-02 3.500000000000000333e-02
0.000000000000000000e+00 8.890875657635336493e-01 8.961111111111110805e-01 7.687499999999999889e-02 3.500000000000000333e-02
1.000000000000000000e+00 1.284201388888888684e-01 8.116156248613088930e-01 8.406249999999999833e-02 3.500000000000000333e-02
1.000000000000000000e+00 1.284201388888888684e-01 7.171136342049282408e-01 8.406249999999999833e-02 3.500000000000000333e-02
1.000000000000000000e+00 1.284201388888888684e-01 6.226116435485478107e-01 8.406249999999999833e-02 3.500000000000000333e-02
1.000000000000000000e+00 1.284201388888888684e-01 5.281096528921673805e-01 8.406249999999999833e-02 3.500000000000000333e-02
1.000000000000000000e+00 1.285763888888888651e-01 4.336076622357869503e-01 8.375000000000000500e-02 3.500000000000000333e-02
1.000000000000000000e+00 1.285763888888888651e-01 3.391056715794065202e-01 8.375000000000000500e-02 3.500000000000000333e-02
1.000000000000000000e+00 1.431076388888888606e-01 2.446036809230262010e-01 5.468750000000000000e-02 3.500000000000000333e-02
1.000000000000000000e+00 1.431076388888888606e-01 1.501016902666455488e-01 5.468750000000000000e-02 3.500000000000000333e-02
1.000000000000000000e+00 1.431076388888888606e-01 5.559969961026500762e-02 5.468750000000000000e-02 3.500000000000000333e-02
