0.000000000000000000e+00 3.428960900397798883e-01 8.961111111111110805e-01 8.375000000000000500e-02 3.500000000000000333e-02
0.000000000000000000e+00 5.002799283390387819e-01 8.961111111111110805e-01 8.375000000000000500e-02 3.500000000000000333e-02
0.000000000000000000e+00 6.576637666382972869e-01 8.961111111111110805e-01 8.406249999999999833e-02 3.500000000000000333e-02
0.000000000000000000e+00 8.150476049375557919e-01 8.961111111111110805e-01 5.468750000000000000e-02 3.500000000000000333e-02
1.000000000000000000e+00 1.506076388888888673e-01 8.520573748836978156e-01 1.278124999999999956e-01 3.500000000000000333e-02
1.000000000000000000e+00 1.507638888888888640e-01 7.409881212481661539e-01 1.275000000000000022e-01 3.500000000000000333e-02
1.000000000000000000e+00 1.506076388888888673e-01 6.299188676126346031e-01 1.278124999999999956e-01 3.500000000000000333e-02
1.000000000000000000e+00 1.507638888888888640e-01 5.188496139771030524e-01 1.275000000000000022e-01 3.500000000000000333e-02
1.000000000000000000e+00 1.506076388888888673e-01 4.077803603415702804e-01 1.278124999999999956e-01 3.500000000000000333e-02
1.000000000000000000e+00 1.507638888888888640e-01 2.967111067060398399e-01 1.275000000000000022e-01 3.500000000000000333e-02
1.000000000000000000e+00 1.504513888888888706e-01 1.856418530705081782e-01 1.281249999999999889e-01 3.500000000000000333e-02
1.000000000000000000e+00 1.506076388888888673e-01 7.457259943497551724e-02 1.278124999999999956e-01 3.500000000000000333e-02
