0.000000000000000000e+00 2.560667959637047963e-01 8.961111111111110805e-01 8.406249999999999833e-02 3.500000000000000333e-02
0.000000000000000000e+00 3.871041320630389526e-01 8.961111111111110805e-01 8.375000000000000500e-02 3.500000000000000333e-02
0.000000000000000000e+00 5.181414681623732754e-01 8.961111111111110805e-01 8.375000000000000500e-02 3.500000000000000333e-02
0.000000000000000000e+00 6.491788042617073762e-01 8.961111111111110805e-01 5.468750000000000000e-02 3.500000000000000333e-02
0.000000000000000000e+00 7.802161403610415880e-01 8.961111111111110805e-01 5.468750000000000000e-02 3.500000000000000333e-02
0.000000000000000000e+00 9.112534764603759108e-01 8.961111111111110805e-01 5.468750000000000000e-02 3.500000000000000333e-02
1.000000000000000000e+00 1.362326388888889239e-01 8.376358692441726594e-01 9.906249999999999778e-02 3.500000000000000333e-02
1.000000000000000000e+00 1.362326388888889239e-01 7.110254985306982967e-01 9.906249999999999778e-02 3.500000000000000333e-02
1.000000000000000000e+00 1.360763888888888995e-01 5.844151278172239339e-01 9.937500000000000500e-02 3.500000000000000333e-02
1.000000000000000000e+00 1.362326388888889239e-01 4.578047571037495711e-01 9.906249999999999778e-02 3.500000000000000333e-02
1.000000000000000000e+00 1.360763888888888995e-01 3.311943863902752083e-01 9.937500000000000500e-02 3.500000000000000333e-02
1.000000000000000000e+00 1.363888888888889206e-01 2.045840156768008455e-01 9.875000000000000444e-02 3.500000000000000333e-02
1.000000000000000000e+00 1.362326388888889239e-01 7.797364496332193085e-02 9.906249999999999778e-02 3.500000000000000333e-02
