0.000000000000000000e+00 1.880448306394426061e-01 8.961111111111110805e-01 8.406249999999999833e-02 3.500000000000000333e-02
0.000000000000000000e+00 3.019691094442036872e-01 8.961111111111110805e-01 8.406249999999999833e-02 3.500000000000000333e-02
0.000000000000000000e+00 4.158933882489647127e-01 8.961111111111110805e-01 8.406249999999999833e-02 3.500000000000000333e-02
0.000000000000000000e+00 5.298176670537257937e-01 8.961111111111110805e-01 8.375000000000000500e-02 3.500000000000000333e-02
0.000000000000000000e+00 6.437419458584869858e-01 8.961111111111110805e-01 8.375000000000000500e-02 3.500000000000000333e-02
0.000000000000000000e+00 7.576662246632480668e-01 8.961111111111110805e-01 5.468750000000000000e-02 3.500000000000000333e-02
0.000000000000000000e+00 8.715905034680092589e-01 8.961111111111110805e-01 5.468750000000000000e-02 3.500000000000000333e-02
1.000000000000000000e+00 1.142013888888888939e-01 7.293685970599780299e-01 5.500000000000000028e-02 3.500000000000000333e-02
1.000000000000000000e+00 1.142013888888888939e-01 5.995545503294044121e-01 5.500000000000000028e-02 3.500000000000000333e-02
1.000000000000000000e+00 1.142013888888888939e-01 4.697405035988304611e-01 5.500000000000000028e-02 3.500000000000000333e-02
1.000000000000000000e+00 1.142013888888888939e-01 3.399264568682568433e-01 5.500000000000000028e-02 3.500000000000000333e-02
1.000000000000000000e+00 1.142013888888888939e-01 2.101124101376828923e-01 5.500000000000000028e-02 3.500000000000000333e-02
1.000000000000000000e+00 1.140451388888888973e-01 8.029836340710916343e-02 5.531250000000000056e-02 3.500000000000000333e-02
