0.000000000000000000e+00 2.724233456756248173e-01 8.961111111111110805e-01 1.059375000000000039e-01 3.500000000000000333e-02
0.000000000000000000e+00 4.107622152132290871e-01 8.961111111111110805e-01 1.059375000000000039e-01 3.500000000000000333e-02
0.000000000000000000e+00 5.491010847508333015e-01 8.961111111111110805e-01 1.059375000000000039e-01 3.500000000000000333e-02
0.000000000000000000e+00 6.874399542884376269e-01 8.961111111111110805e-01 1.059375000000000039e-01 3.500000000000000333e-02
0.000000000000000000e+00 8.257788238260417302e-01 8.961111111111110805e-01 7.656250000000000555e-02 3.500000000000000333e-02
1.000000000000000000e+00 1.509201388888889162e-01 7.754531907142313552e-01 1.278124999999999956e-01 3.500000000000000333e-02
1.000000000000000000e+00 1.506076388888889228e-01 6.812574688422159408e-01 1.284375000000000100e-01 3.500000000000000333e-02
1.000000000000000000e+00 1.507638888888889195e-01 5.870617469702028579e-01 1.281249999999999889e-01 3.500000000000000333e-02
1.000000000000000000e+00 1.506076388888889228e-01 4.928660250981897750e-01 1.284375000000000100e-01 3.500000000000000333e-02
1.000000000000000000e+00 1.507638888888889195e-01 3.986703032261766921e-01 1.281249999999999889e-01 3.500000000000000333e-02
1.000000000000000000e+00 1.507638888888889195e-01 3.044745813541658297e-01 1.281249999999999889e-01 3.500000000000000333e-02
1.000000000000000000e+00 1.509201388888889162e-01 2.102788594821527468e-01 1.278124999999999956e-01 3.500000000000000333e-02
1.000000000000000000e+00 1.506076388888889228e-01 1.160831376101395529e-01 1.284375000000000100e-01 3.500000000000000333e-02
