0.000000000000000000e+00 2.746868012878289078e-01 8.961111111111110805e-01 1.059375000000000039e-01 3.500000000000000333e-02
0.000000000000000000e+00 4.183038445796942728e-01 8.961111111111110805e-01 1.059375000000000039e-01 3.500000000000000333e-02
0.000000000000000000e+00 5.619208878715595823e-01 8.961111111111110805e-01 1.059375000000000039e-01 3.500000000000000333e-02
0.000000000000000000e+00 7.055379311634248918e-01 8.961111111111110805e-01 7.656250000000000555e-02 3.500000000000000333e-02
0.000000000000000000e+00 8.491549744552904233e-01 8.961111111111110805e-01 7.687499999999999889e-02 3.500000000000000333e-02
1.000000000000000000e+00 1.393576388888888573e-01 8.540165447359442386e-01 1.059375000000000039e-01 3.500000000000000333e-02
1.000000000000000000e+00 1.393576388888888573e-01 7.075778611901469839e-01 1.059375000000000039e-01 3.500000000000000333e-02
1.000000000000000000e+00 1.395138888888888540e-01 5.611391776443497292e-01 1.056249999999999967e-01 3.500000000000000333e-02
1.000000000000000000e+00 1.393576388888888573e-01 4.147004940985524746e-01 1.059375000000000039e-01 3.500000000000000333e-02
1.000000000000000000e+00 1.395138888888888540e-01 2.682618105527549979e-01 1.056249999999999967e-01 3.500000000000000333e-02
1.000000000000000000e+00 1.393576388888888573e-01 1.218231270069577432e-01 1.059375000000000039e-01 3.500000000000000333e-02
