0.000000000000000000e+00 2.041049139339369267e-01 8.961111111111110805e-01 8.406249999999999833e-02 3.500000000000000333e-02
0.000000000000000000e+00 3.868692184377573451e-01 8.961111111111110805e-01 5.468750000000000000e-02 3.500000000000000333e-02
0.000000000000000000e+00 5.696335229415777635e-01 8.961111111111110805e-01 5.500000000000000028e-02 3.500000000000000333e-02
0.000000000000000000e+00 7.523978274453984039e-01 8.961111111111110805e-01 5.468750000000000000e-02 3.500000000000000333e-02
0.000000000000000000e+00 9.351621319492187112e-01 8.961111111111110805e-01 5.468750000000000000e-02 3.500000000000000333e-02
1.000000000000000000e+00 1.140451388888888973e-01 7.994920307549359118e-01 5.468750000000000000e-02 3.500000000000000333e-02
1.000000000000000000e+00 1.140451388888888973e-01 6.932123875764263365e-01 5.468750000000000000e-02 3.500000000000000333e-02
1.000000000000000000e+00 1.138888888888888867e-01 5.869327443979168724e-01 5.500000000000000028e-02 3.500000000000000333e-02
1.000000000000000000e+00 1.138888888888888867e-01 4.806531012194072972e-01 5.500000000000000028e-02 3.500000000000000333e-02
1.000000000000000000e+00 1.140451388888888973e-01 3.743734580408977219e-01 5.468750000000000000e-02 3.500000000000007272e-02
1.000000000000000000e+00 1.138888888888888867e-01 2.680938148623880357e-01 5.500000000000000028e-02 3.500000000000000333e-02
1.000000000000000000e+00 1.138888888888888867e-01 1.618141716838783495e-01 5.500000000000000028e-02 3.500000000000000333e-02
1.000000000000000000e+00 1.138888888888888867e-01 5.553452850536888530e-02 5.500000000000000028e-02 3.500000000000000333e-02
