0.000000000000000000e+00 2.585656487889180788e-01 8.961111111111110805e-01 5.468750000000000000e-02 3.500000000000000333e-02
0.000000000000000000e+00 4.608239202810939794e-01 8.961111111111110805e-01 5.468750000000000000e-02 3.500000000000000333e-02
0.000000000000000000e+00 6.630821917732697690e-01 8.961111111111110805e-01 5.468750000000000000e-02 3.500000000000000333e-02
0.000000000000000000e+00 8.653404632654455586e-01 8.961111111111110805e-01 5.500000000000000028e-02 3.500000000000000333e-02
1.000000000000000000e+00 1.359201388888889028e-01 8.032088933655577856e-01 9.906249999999999778e-02 3.500000000000000333e-02
1.000000000000000000e+00 1.360763888888888995e-01 6.974437110205599089e-01 9.875000000000000444e-02 3.500000000000000333e-02
1.000000000000000000e+00 1.359201388888889028e-01 5.916785286755623652e-01 9.906249999999999778e-02 3.500000000000000333e-02
1.000000000000000000e+00 1.359201388888889028e-01 4.859133463305641554e-01 9.906249999999999778e-02 3.500000000000000333e-02
1.000000000000000000e+00 1.359201388888889028e-01 3.801481639855660566e-01 9.906249999999999778e-02 3.500000000000000333e-02
1.000000000000000000e+00 1.362326388888889239e-01 2.743829816405685129e-01 9.843749999999999722e-02 3.500000000000000333e-02
1.000000000000000000e+00 1.360763888888888995e-01 1.686177992955703031e-01 9.875000000000000444e-02 3.500000000000000333e-02
1.000000000000000000e+00 1.360763888888888995e-01 6.285261695057275944e-02 9.875000000000000444e-02 3.500000000000000333e-02
