0.000000000000000000e+00 3.292399549674376869e-01 8.961111111111110805e-01 8.375000000000000500e-02 3.500000000000000333e-02
0.000000000000000000e+00 5.177750907547394865e-01 8.961111111111110805e-01 5.468750000000000000e-02 3.500000000000000333e-02
0.000000000000000000e+00 7.063102265420414527e-01 8.961111111111110805e-01 5.468750000000000000e-02 3.500000000000000333e-02
0.000000000000000000e+00 8.948453623293433079e-01 8.961111111111110805e-01 5.468750000000000000e-02 3.500000000000000333e-02
1.000000000000000000e+00 1.395138888888889095e-01 8.485625282652347057e-01 1.062499999999999972e-01 3.500000000000000333e-02
1.000000000000000000e+00 1.396701388888889062e-01 7.353050155627267603e-01 1.059375000000000039e-01 3.500000000000000333e-02
1.000000000000000000e+00 1.396701388888889062e-01 6.220475028602197032e-01 1.059375000000000039e-01 3.500000000000000333e-02
1.000000000000000000e+00 1.396701388888889062e-01 5.087899901577122019e-01 1.059375000000000039e-01 3.500000000000000333e-02
1.000000000000000000e+00 1.396701388888889062e-01 3.955324774552042566e-01 1.059375000000000039e-01 3.500000000000000333e-02
1.000000000000000000e+00 1.396701388888889062e-01 2.822749647526967554e-01 1.059375000000000039e-01 3.500000000000000333e-02
1.000000000000000000e+00 1.398263888888889028e-01 1.690174520501886990e-01 1.056249999999999967e-01 3.500000000000000333e-02
1.000000000000000000e+00 1.398263888888889028e-01 5.575993934768119775e-02 1.056249999999999967e-01 3.500000000000000333e-02
