0.000000000000000000e+00 2.100909746345195894e-01 8.961111111111110805e-01 8.406249999999999833e-02 3.500000000000000333e-02
0.000000000000000000e+00 3.913534107352172886e-01 8.961111111111110805e-01 8.406249999999999833e-02 3.500000000000000333e-02
0.000000000000000000e+00 5.726158468359150433e-01 8.961111111111110805e-01 5.468750000000000000e-02 3.500000000000000333e-02
0.000000000000000000e+00 7.538782829366127425e-01 8.961111111111110805e-01 5.500000000000000028e-02 3.500000000000000333e-02
0.000000000000000000e+00 9.351407190373102196e-01 8.961111111111110805e-01 5.500000000000000028e-02 3.500000000000000333e-02
1.000000000000000000e+00 1.284201388888888684e-01 8.390589656337918978e-01 8.406249999999999833e-02 3.500000000000000333e-02
1.000000000000000000e+00 1.284201388888888684e-01 7.386598960423398363e-01 8.406249999999999833e-02 3.500000000000000333e-02
1.000000000000000000e+00 1.284201388888888684e-01 6.382608264508878859e-01 8.406249999999999833e-02 3.500000000000000333e-02
1.000000000000000000e+00 1.284201388888888684e-01 5.378617568594359355e-01 8.406249999999999833e-02 3.500000000000000333e-02
1.000000000000000000e+00 1.284201388888888684e-01 4.374626872679838741e-01 8.406249999999999833e-02 3.500000000000000333e-02
1.000000000000000000e+00 1.285763888888888651e-01 3.370636176765319236e-01 8.375000000000000500e-02 3.500000000000000333e-02
1.000000000000000000e+00 1.285763888888888651e-01 2.366645480850800842e-01 8.375000000000000500e-02 3.500000000000000333e-02
1.000000000000000000e+00 1.431076388888888606e-01 1.362654784936279118e-01 5.468750000000000000e-02 3.500000000000000333e-02
