0.000000000000000000e+00 2.975454258608307700e-01 8.961111111111110805e-01 8.406249999999999833e-02 3.500000000000000333e-02
0.000000000000000000e+00 5.101085443149169230e-01 8.961111111111110805e-01 5.468750000000000000e-02 3.500000000000000333e-02
0.000000000000000000e+00 7.226716627690029648e-01 8.961111111111110805e-01 5.500000000000000028e-02 3.500000000000000333e-02
0.000000000000000000e+00 9.352347812230891178e-01 8.961111111111110805e-01 5.500000000000000028e-02 3.500000000000000333e-02
1.000000000000000000e+00 1.285763888888888651e-01 8.353293687858380778e-01 8.375000000000000500e-02 3.500000000000000333e-02
1.000000000000000000e+00 1.285763888888888651e-01 6.859461968653721708e-01 8.375000000000000500e-02 3.500000000000003803e-02
1.000000000000000000e+00 1.284201388888888684e-01 5.365630249449064859e-01 8.406249999999999833e-02 3.500000000000000333e-02
1.000000000000000000e+00 1.431076388888888606e-01 3.871798530244406900e-01 5.468750000000000000e-02 3.500000000000000333e-02
1.000000000000000000e+00 1.429513888888888640e-01 2.377966811039748940e-01 5.500000000000000028e-02 3.500000000000000333e-02
1.000000000000000000e+00 1.431076388888888606e-01 8.841350918350909804e-02 5.468750000000000000e-02 3.500000000000000333e-02
