0.000000000000000000e+00 2.342290258878530207e-01 8.961111111111110805e-01 8.406249999999999833e-02 3.500000000000000333e-02
0.000000000000000000e+00 3.821786583397331905e-01 8.961111111111110805e-01 8.375000000000000500e-02 3.500000000000000333e-02
0.000000000000000000e+00 5.301282907916133880e-01 8.961111111111110805e-01 8.375000000000000500e-02 3.500000000000000333e-02
0.000000000000000000e+00 6.780779232434932524e-01 8.961111111111110805e-01 5.468750000000000000e-02 3.500000000000000333e-02
0.000000000000000000e+00 8.260275556953732279e-01 8.961111111111110805e-01 5.468750000000000000e-02 3.500000000000000333e-02
1.000000000000000000e+00 1.249826388888889139e-01 7.702956129890339287e-01 7.656250000000000555e-02 3.500000000000000333e-02
1.000000000000000000e+00 1.248263888888889173e-01 6.780978481899967436e-01 7.687499999999999889e-02 3.500000000000000333e-02
1.000000000000000000e+00 1.248263888888889173e-01 5.859000833909602246e-01 7.687499999999999889e-02 3.500000000000000333e-02
1.000000000000000000e+00 1.249826388888889139e-01 4.937023185919235946e-01 7.656250000000000555e-02 3.500000000000000333e-02
1.000000000000000000e+00 1.248263888888889173e-01 4.015045537928869646e-01 7.687499999999999889e-02 3.500000000000000333e-02
1.000000000000000000e+00 1.249826388888889139e-01 3.093067889938498904e-01 7.656250000000000555e-02 3.500000000000000333e-02
1.000000000000000000e+00 1.249826388888889139e-01 2.171090241948132604e-01 7.656250000000000555e-02 3.500000000000000333e-02
1.000000000000000000e+00 1.249826388888889139e-01 1.249112593957761863e-01 7.656250000000000555e-02 3.500000000000000333e-02
