0.000000000000000000e+00 3.634909279807702620e-01 8.961111111111110805e-01 8.406249999999999833e-02 3.500000000000000333e-02
0.000000000000000000e+00 5.541400694466065424e-01 8.961111111111110805e-01 5.468750000000000000e-02 3.500000000000000333e-02
0.000000000000000000e+00 7.447892109124427673e-01 8.961111111111110805e-01 5.500000000000000028e-02 3.500000000000000333e-02
0.000000000000000000e+00 9.354383523782787702e-01 8.961111111111110805e-01 5.500000000000000028e-02 3.500000000000000333e-02
1.000000000000000000e+00 1.359201388888889028e-01 8.048443737851965762e-01 9.906249999999999778e-02 3.500000000000000333e-02
1.000000000000000000e+00 1.362326388888889239e-01 7.073141125883535274e-01 9.843749999999999722e-02 3.500000000000000333e-02
1.000000000000000000e+00 1.360763888888888995e-01 6.097838513915110337e-01 9.875000000000000444e-02 3.500000000000000333e-02
1.000000000000000000e+00 1.362326388888889239e-01 5.122535901946678738e-01 9.843749999999999722e-02 3.500000000000000333e-02
1.000000000000000000e+00 1.360763888888888995e-01 4.147233289978248250e-01 9.875000000000000444e-02 3.500000000000000333e-02
1.000000000000000000e+00 1.362326388888889239e-01 3.171930678009823312e-01 9.843749999999999722e-02 3.500000000000000333e-02
1.000000000000000000e+00 1.360763888888888995e-01 2.196628066041392824e-01 9.875000000000000444e-02 3.500000000000000333e-02
1.000000000000000000e+00 1.360763888888888995e-01 1.221325454072962335e-01 9.875000000000000444e-02 3.500000000000000333e-02
