0.000000000000000000e+00 2.934331482780517253e-01 8.961111111111110805e-01 1.059375000000000039e-01 3.500000000000000333e-02
0.000000000000000000e+00 4.195783616538109606e-01 8.961111111111110805e-01 1.059375000000000039e-01 3.500000000000000333e-02
0.000000000000000000e+00 5.457235750295703625e-01 8.961111111111110805e-01 7.656250000000000555e-02 3.500000000000000333e-02
0.000000000000000000e+00 6.718687884053295978e-01 8.961111111111110805e-01 7.687499999999999889e-02 3.500000000000000333e-02
0.000000000000000000e+00 7.980140017810888331e-01 8.961111111111110805e-01 7.687499999999999889e-02 3.500000000000000333e-02
0.000000000000000000e+00 9.241592151568482905e-01 8.961111111111110805e-01 7.687499999999999889e-02 3.500000000000000333e-02
1.000000000000000000e+00 1.284201388888888684e-01 8.021584803488691628e-01 8.406249999999999833e-02 3.500000000000000333e-02
1.000000000000000000e+00 1.284201388888888684e-01 6.663308561841740918e-01 8.406249999999999833e-02 3.500000000000000333e-02
1.000000000000000000e+00 1.285763888888888651e-01 5.305032320194790207e-01 8.375000000000000500e-02 3.500000000000000333e-02
1.000000000000000000e+00 1.285763888888888651e-01 3.946756078547840607e-01 8.375000000000000500e-02 3.500000000000000333e-02
1.000000000000000000e+00 1.431076388888888606e-01 2.588479836900891007e-01 5.468750000000000000e-02 3.500000000000000333e-02
1.000000000000000000e+00 1.431076388888888606e-01 1.230203595253936966e-01 5.468750000000000000e-02 3.500000000000000333e-02
