0.000000000000000000e+00 2.652742424605695759e-01 8.961111111111110805e-01 8.406249999999999833e-02 3.500000000000000333e-02
0.000000000000000000e+00 3.900479465770583243e-01 8.961111111111110805e-01 8.375000000000000500e-02 3.500000000000000333e-02
0.000000000000000000e+00 5.148216506935467951e-01 8.961111111111110805e-01 8.375000000000000500e-02 3.500000000000000333e-02
0.000000000000000000e+00 6.395953548100353769e-01 8.961111111111110805e-01 8.375000000000000500e-02 3.500000000000000333e-02
0.000000000000000000e+00 7.643690589265239588e-01 8.961111111111110805e-01 8.406249999999999833e-02 3.500000000000000333e-02
0.000000000000000000e+00 8.891427630430126516e-01 8.961111111111110805e-01 5.468750000000000000e-02 3.500000000000000333e-02
1.000000000000000000e+00 1.395138888888889095e-01 7.665910680503654762e-01 1.062499999999999972e-01 3.500000000000000333e-02
1.000000000000000000e+00 1.396701388888889062e-01 6.201185443754383408e-01 1.059375000000000039e-01 3.500000000000000333e-02
1.000000000000000000e+00 1.395138888888889095e-01 4.736460207005106504e-01 1.062499999999999972e-01 3.500000000000000333e-02
1.000000000000000000e+00 1.396701388888889062e-01 3.271734970255829600e-01 1.059375000000000039e-01 3.500000000000000333e-02
1.000000000000000000e+00 1.396701388888889062e-01 1.807009733506554916e-01 1.059375000000000039e-01 3.500000000000000333e-02
