0.000000000000000000e+00 2.853393284382975681e-01 8.961111111111110805e-01 8.375000000000000500e-02 3.500000000000000333e-02
0.000000000000000000e+00 4.231481721107719918e-01 8.961111111111110805e-01 5.468750000000000000e-02 3.500000000000000333e-02
0.000000000000000000e+00 5.609570157832465265e-01 8.961111111111110805e-01 5.468750000000000000e-02 3.500000000000000333e-02
0.000000000000000000e+00 6.987658594557208946e-01 8.961111111111110805e-01 5.468750000000000000e-02 3.500000000000000333e-02
0.000000000000000000e+00 8.365747031281952628e-01 8.961111111111110805e-01 5.500000000000000028e-02 3.500000000000000333e-02
1.000000000000000000e+00 1.249826388888889139e-01 8.269618957389843761e-01 7.718750000000000611e-02 3.500000000000000333e-02
1.000000000000000000e+00 1.249826388888889139e-01 7.200541548730819974e-01 7.718750000000000611e-02 3.500000000000000333e-02
1.000000000000000000e+00 1.252951388888889073e-01 6.131464140071807289e-01 7.656250000000000555e-02 3.500000000000000333e-02
1.000000000000000000e+00 1.252951388888889073e-01 5.062386731412783503e-01 7.656250000000000555e-02 3.500000000000000333e-02
1.000000000000000000e+00 1.252951388888889073e-01 3.993309322753765267e-01 7.656250000000000555e-02 3.500000000000000333e-02
1.000000000000000000e+00 1.251388888888889106e-01 2.924231914094741480e-01 7.687499999999999889e-02 3.500000000000000333e-02
1.000000000000000000e+00 1.251388888888889106e-01 1.855154505435723244e-01 7.687499999999999889e-02 3.500000000000000333e-02
1.000000000000000000e+00 1.251388888888889106e-01 7.860770967766994577e-02 7.687499999999999889e-02 3.500000000000000333e-02
