0.000000000000000000e+00 3.934098011536461548e-01 8.961111111111110805e-01 1.059375000000000039e-01 3.500000000000000333e-02
0.000000000000000000e+00 5.552114487409763877e-01 8.961111111111110805e-01 1.059375000000000039e-01 3.500000000000000333e-02
0.000000000000000000e+00 7.170130963283065650e-01 8.961111111111110805e-01 7.656250000000000555e-02 3.500000000000000333e-02
0.000000000000000000e+00 8.788147439156368534e-01 8.961111111111110805e-01 7.687499999999999889e-02 3.500000000000000333e-02
1.000000000000000000e+00 1.618576388888889328e-01 8.041043306349183739e-01 1.496875000000000011e-01 3.500000000000000333e-02
1.000000000000000000e+00 1.615451388888889395e-01 7.033936101067548297e-01 1.503124999999999878e-01 3.500000000000000333e-02
1.000000000000000000e+00 1.615451388888889395e-01 6.026828895786002782e-01 1.503124999999999878e-01 3.500000000000000333e-02
1.000000000000000000e+00 1.615451388888889395e-01 5.019721690504366229e-01 1.503124999999999878e-01 3.500000000000000333e-02
1.000000000000000000e+00 1.617013888888889361e-01 4.012614485222820715e-01 1.499999999999999944e-01 3.500000000000000333e-02
1.000000000000000000e+00 1.617013888888889361e-01 3.005507279941184162e-01 1.499999999999999944e-01 3.500000000000000333e-02
1.000000000000000000e+00 1.617013888888889361e-01 1.998400074659639758e-01 1.499999999999999944e-01 3.500000000000000333e-02
1.000000000000000000e+00 1.617013888888889361e-01 9.912928693780032052e-02 1.499999999999999944e-01 3.500000000000000333e-02
