0.000000000000000000e+00 3.458030682008704781e-01 8.961111111111110805e-01 8.406249999999999833e-02 3.500000000000000333e-02
0.000000000000000000e+00 5.571241095858280312e-01 8.961111111111110805e-01 5.468750000000000000e-02 3.500000000000000333e-02
0.000000000000000000e+00 7.684451509707852512e-01 8.961111111111110805e-01 5.500000000000000028e-02 3.500000000000000333e-02
1.000000000000000000e+00 1.138888888888888867e-01 7.963664895042912306e-01 5.500000000000000028e-02 3.500000000000000333e-02
1.000000000000000000e+00 1.140451388888888973e-01 6.728905286783894990e-01 5.468750000000000000e-02 3.500000000000000333e-02
1.000000000000000000e+00 1.140451388888888973e-01 5.494145678524875454e-01 5.468750000000000000e-02 3.500000000000000333e-02
1.000000000000000000e+00 1.140451388888888973e-01 4.259386070265858137e-01 5.468750000000000000e-02 3.500000000000000333e-02
1.000000000000000000e+00 1.138888888888888867e-01 3.024626462006838601e-01 5.500000000000000028e-02 3.500000000000000333e-02
1.000000000000000000e+00 1.138888888888888867e-01 1.789866853747819064e-01 5.500000000000000028e-02 3.500000000000000333e-02
1.000000000000000000e+00 1.140451388888888973e-01 5.551072454888039687e-02 5.468750000000000000e-02 3.500000000000000333e-02
