0.000000000000000000e+00 3.274162296144013107e-01 8.961111111111110805e-01 5.468750000000000000e-02 3.500000000000000333e-02
0.000000000000000000e+00 4.650436151510710658e-01 8.961111111111110805e-01 5.468750000000000000e-02 3.500000000000000333e-02
0.000000000000000000e+00 6.026710006877407100e-01 8.961111111111110805e-01 5.468750000000000000e-02 3.500000000000000333e-02
0.000000000000000000e+00 7.402983862244104651e-01 8.961111111111110805e-01 5.500000000000000028e-02 3.500000000000000333e-02
0.000000000000000000e+00 8.779257717610801093e-01 8.961111111111110805e-01 5.500000000000000028e-02 3.500000000000000333e-02
1.000000000000000000e+00 1.396701388888889062e-01 7.548622993962098571e-01 1.059375000000000039e-01 3.500000000000000333e-02
1.000000000000000000e+00 1.398263888888889028e-01 6.463732890851767721e-01 1.056249999999999967e-01 3.500000000000000333e-02
1.000000000000000000e+00 1.396701388888889062e-01 5.378842787741435760e-01 1.059375000000000039e-01 3.500000000000000333e-02
1.000000000000000000e+00 1.398263888888889028e-01 4.293952684631104910e-01 1.056249999999999967e-01 3.500000000000000333e-02
1.000000000000000000e+00 1.395138888888889095e-01 3.209062581520774060e-01 1.062499999999999972e-01 3.500000000000000333e-02
1.000000000000000000e+00 1.396701388888889062e-01 2.124172478410443210e-01 1.059375000000000039e-01 3.500000000000000333e-02
1.000000000000000000e+00 1.396701388888889062e-01 1.039282375300111250e-01 1.059375000000000039e-01 3.500000000000000333e-02
