0.000000000000000000e+00 2.568235645904858866e-01 8.961111111111110805e-01 5.468750000000000000e-02 3.500000000000000333e-02
0.000000000000000000e+00 4.043298442263607018e-01 8.961111111111110805e-01 5.468750000000000000e-02 3.500000000000000333e-02
0.000000000000000000e+00 5.518361238622354614e-01 8.961111111111110805e-01 5.468750000000000000e-02 3.500000000000000333e-02
0.000000000000000000e+00 6.993424034981100545e-01 8.961111111111110805e-01 5.500000000000000028e-02 3.500000000000000333e-02
0.000000000000000000e+00 8.468486831339848697e-01 8.961111111111110805e-01 5.500000000000000028e-02 3.500000000000000333e-02
1.000000000000000000e+00 1.398263888888889028e-01 8.490941258848261342e-01 1.062499999999999972e-01 3.500000000000000333e-02
1.000000000000000000e+00 1.399826388888888995e-01 7.527650065229207765e-01 1.059375000000000039e-01 3.500000000000000333e-02
1.000000000000000000e+00 1.398263888888889028e-01 6.564358871610158630e-01 1.062499999999999972e-01 3.500000000000000333e-02
1.000000000000000000e+00 1.399826388888888995e-01 5.601067677991110605e-01 1.059375000000000039e-01 3.500000000000000333e-02
1.000000000000000000e+00 1.396701388888889062e-01 4.637776484372060359e-01 1.065625000000000044e-01 3.500000000000000333e-02
1.000000000000000000e+00 1.398263888888889028e-01 3.674485290753011224e-01 1.062499999999999972e-01 3.500000000000000333e-02
1.000000000000000000e+00 1.398263888888889028e-01 2.711194097133960978e-01 1.062499999999999972e-01 3.500000000000000333e-02
1.000000000000000000e+00 1.399826388888888995e-01 1.747902903514909623e-01 1.059375000000000039e-01 3.500000000000000333e-02
1.000000000000000000e+00 1.398263888888889028e-01 7.846117098958638181e-02 1.062499999999999972e-01 3.500000000000000333e-02
