0.000000000000000000e+00 3.715983512513243436e-01 8.961111111111110805e-01 8.406249999999999833e-02 3.500000000000000333e-02
0.000000000000000000e+00 5.748120323239556129e-01 8.961111111111110805e-01 5.468750000000000000e-02 3.500000000000000333e-02
0.000000000000000000e+00 7.780257133965866601e-01 8.961111111111110805e-01 5.500000000000000028e-02 3.500000000000000333e-02
1.000000000000000000e+00 1.393576388888888573e-01 7.954378589023033408e-01 1.059375000000000039e-01 3.500000000000000333e-02
1.000000000000000000e+00 1.393576388888888573e-01 6.897711464127672665e-01 1.059375000000000039e-01 3.500000000000000333e-02
1.000000000000000000e+00 1.540451388888888495e-01 5.841044339232313032e-01 7.656250000000000555e-02 3.500000000000000333e-02
1.000000000000000000e+00 1.538888888888888529e-01 4.784377214336953399e-01 7.687499999999999889e-02 3.500000000000000333e-02
1.000000000000000000e+00 1.538888888888888529e-01 3.727710089441594876e-01 7.687499999999999889e-02 3.500000000000000333e-02
1.000000000000000000e+00 1.538888888888888529e-01 2.671042964546234133e-01 7.687499999999999889e-02 3.500000000000000333e-02
1.000000000000000000e+00 1.538888888888888529e-01 1.614375839650873390e-01 7.687499999999999889e-02 3.500000000000000333e-02
1.000000000000000000e+00 1.537326388888888562e-01 5.577087147555137570e-02 7.718750000000000611e-02 3.500000000000000333e-02
