0.000000000000000000e+00 2.023252326193472339e-01 8.961111111111110805e-01 8.406249999999999833e-02 3.500000000000000333e-02
0.000000000000000000e+00 3.243684447637436019e-01 8.961111111111110805e-01 8.406249999999999833e-02 3.500000000000000333e-02
0.000000000000000000e+00 4.464116569081400532e-01 8.961111111111110805e-01 8.375000000000000500e-02 3.500000000000000333e-02
0.000000000000000000e+00 5.684548690525363934e-01 8.961111111111110805e-01 8.375000000000000500e-02 3.500000000000000333e-02
0.000000000000000000e+00 6.904980811969326782e-01 8.961111111111110805e-01 5.468750000000000000e-02 3.500000000000000333e-02
0.000000000000000000e+00 8.125412933413289629e-01 8.961111111111110805e-01 5.468750000000000000e-02 3.500000000000000333e-02
0.000000000000000000e+00 9.345845054857252476e-01 8.961111111111110805e-01 5.468750000000000000e-02 3.500000000000000333e-02
1.000000000000000000e+00 1.143576388888888906e-01 7.715225444243327679e-01 5.468750000000000000e-02 3.500000000000000333e-02
1.000000000000000000e+00 1.142013888888888939e-01 6.521091552548062831e-01 5.500000000000000028e-02 3.500000000000000333e-02
1.000000000000000000e+00 1.142013888888888939e-01 5.326957660852795762e-01 5.500000000000000028e-02 3.500000000000000333e-02
1.000000000000000000e+00 1.142013888888888939e-01 4.132823769157534244e-01 5.500000000000000028e-02 3.500000000000000333e-02
1.000000000000000000e+00 1.140451388888888973e-01 2.938689877462269395e-01 5.531250000000000056e-02 3.500000000000000333e-02
1.000000000000000000e+00 1.142013888888888939e-01 1.744555985767002326e-01 5.500000000000000028e-02 3.500000000000000333e-02
1.000000000000000000e+00 1.142013888888888939e-01 5.504220940717385879e-02 5.500000000000000028e-02 3.500000000000000333e-02
