0.000000000000000000e+00 4.034747487704059554e-01 8.961111111111110805e-01 5.468750000000000000e-02 3.500000000000000333e-02
0.000000000000000000e+00 5.745892482105539045e-01 8.961111111111110805e-01 5.500000000000000028e-02 3.500000000000000333e-02
0.000000000000000000e+00 7.457037476507016871e-01 8.961111111111110805e-01 5.468750000000000000e-02 3.500000000000000333e-02
0.000000000000000000e+00 9.168182470908496917e-01 8.961111111111110805e-01 5.468750000000000000e-02 3.500000000000000333e-02
1.000000000000000000e+00 1.506076388888889228e-01 8.393807375455025754e-01 1.284375000000000100e-01 3.500000000000000333e-02
1.000000000000000000e+00 1.507638888888889195e-01 6.916962189453987886e-01 1.281249999999999889e-01 3.500000000000000333e-02
1.000000000000000000e+00 1.507638888888889195e-01 5.440117003452906719e-01 1.281249999999999889e-01 3.500000000000000333e-02
1.000000000000000000e+00 1.507638888888889195e-01 3.963271817451868850e-01 1.281249999999999889e-01 3.500000000000000333e-02
1.000000000000000000e+00 1.506076388888889228e-01 2.486426631450830982e-01 1.284375000000000100e-01 3.500000000000000333e-02
1.000000000000000000e+00 1.507638888888889195e-01 1.009581445449794224e-01 1.281249999999999889e-01 3.500000000000000333e-02
