0.000000000000000000e+00 2.634244146907265272e-01 8.961111111111110805e-01 8.375000000000000500e-02 3.500000000000000333e-02
0.000000000000000000e+00 4.149492737499304029e-01 8.961111111111110805e-01 8.375000000000000500e-02 3.500000000000000333e-02
0.000000000000000000e+00 5.664741328091341677e-01 8.961111111111110805e-01 5.468750000000000000e-02 3.500000000000000333e-02
0.000000000000000000e+00 7.179989918683381545e-01 8.961111111111110805e-01 5.468750000000000000e-02 3.500000000000000333e-02
0.000000000000000000e+00 8.695238509275418082e-01 8.961111111111110805e-01 5.468750000000000000e-02 3.500000000000000333e-02
1.000000000000000000e+00 1.504513888888888706e-01 7.912813673798154701e-01 1.281249999999999889e-01 3.500000000000000333e-02
1.000000000000000000e+00 1.504513888888888706e-01 6.888596809038375346e-01 1.281249999999999889e-01 3.500000000000000333e-02
1.000000000000000000e+00 1.504513888888888706e-01 5.864379944278595991e-01 1.281249999999999889e-01 3.500000000000000333e-02
1.000000000000000000e+00 1.506076388888888673e-01 4.840163079518827738e-01 1.278124999999999956e-01 3.500000000000000333e-02
1.000000000000000000e+00 1.506076388888888673e-01 3.815946214759048383e-01 1.278124999999999956e-01 3.500000000000000333e-02
1.000000000000000000e+00 1.506076388888888673e-01 2.791729349999269028e-01 1.278124999999999956e-01 3.500000000000000333e-02
1.000000000000000000e+00 1.506076388888888673e-01 1.767512485239489672e-01 1.278124999999999956e-01 3.500000000000000333e-02
1.000000000000000000e+00 1.507638888888888640e-01 7.432956204797103172e-02 1.275000000000000022e-01 3.500000000000000333e-02
