0.000000000000000000e+00 2.254898740344770391e-01 8.961111111111110805e-01 5.468750000000000000e-02 3.500000000000000333e-02
0.000000000000000000e+00 3.437484001953495794e-01 8.961111111111110805e-01 5.500000000000000028e-02 3.500000000000000333e-02
0.000000000000000000e+00 4.620069263562222583e-01 8.961111111111110805e-01 5.468750000000000000e-02 3.500000000000000333e-02
0.000000000000000000e+00 5.802654525170946043e-01 8.961111111111110805e-01 5.468750000000000000e-02 3.500000000000000333e-02
0.000000000000000000e+00 6.985239786779672277e-01 8.961111111111110805e-01 5.468750000000000000e-02 3.500000000000000333e-02
0.000000000000000000e+00 8.167825048388397402e-01 8.961111111111110805e-01 5.500000000000000028e-02 3.500000000000000333e-02
0.000000000000000000e+00 9.350410309997121416e-01 8.961111111111110805e-01 5.500000000000000028e-02 3.500000000000000333e-02
1.000000000000000000e+00 1.249826388888889139e-01 7.365655010082494680e-01 7.718750000000000611e-02 3.500000000000000333e-02
1.000000000000000000e+00 1.252951388888889073e-01 5.837012040639089072e-01 7.656250000000000555e-02 3.500000000000000333e-02
1.000000000000000000e+00 1.251388888888889106e-01 4.308369071195684574e-01 7.687499999999999889e-02 3.500000000000000333e-02
1.000000000000000000e+00 1.252951388888889073e-01 2.779726101752280076e-01 7.656250000000000555e-02 3.500000000000000333e-02
1.000000000000000000e+00 1.251388888888889106e-01 1.251083132308876689e-01 7.687499999999999889e-02 3.500000000000000333e-02
