0.000000000000000000e+00 2.025924910810301960e-01 8.961111111111110805e-01 1.059375000000000039e-01 3.500000000000000333e-02
0.000000000000000000e+00 3.229475357577938355e-01 8.961111111111110805e-01 1.059375000000000039e-01 3.500000000000000333e-02
0.000000000000000000e+00 4.433025804345574472e-01 8.961111111111110805e-01 1.059375000000000039e-01 3.500000000000000333e-02
0.000000000000000000e+00 5.636576251113210034e-01 8.961111111111110805e-01 7.656250000000000555e-02 3.500000000000000333e-02
0.000000000000000000e+00 6.840126697880848372e-01 8.961111111111110805e-01 7.687499999999999889e-02 3.500000000000000333e-02
0.000000000000000000e+00 8.043677144648481159e-01 8.961111111111110805e-01 7.687499999999999889e-02 3.500000000000000333e-02
0.000000000000000000e+00 9.247227591416120607e-01 8.961111111111110805e-01 7.687499999999999889e-02 3.500000000000000333e-02
1.000000000000000000e+00 1.285763888888889206e-01 7.809143073219173559e-01 8.437500000000000555e-02 3.500000000000000333e-02
1.000000000000000000e+00 1.285763888888889206e-01 6.710840637674257980e-01 8.437500000000000555e-02 3.500000000000000333e-02
1.000000000000000000e+00 1.287326388888889173e-01 5.612538202129340181e-01 8.406249999999999833e-02 3.500000000000000333e-02
1.000000000000000000e+00 1.287326388888889173e-01 4.514235766584423493e-01 8.406249999999999833e-02 3.500000000000000333e-02
1.000000000000000000e+00 1.287326388888889173e-01 3.415933331039505694e-01 8.406249999999999833e-02 3.500000000000000333e-02
1.000000000000000000e+00 1.287326388888889173e-01 2.317630895494587895e-01 8.406249999999999833e-02 3.500000000000000333e-02
1.000000000000000000e+00 1.287326388888889173e-01 1.219328459949672316e-01 8.406249999999999833e-02 3.500000000000000333e-02
