0.000000000000000000e+00 2.498137714943614307e-01 8.961111111111110805e-01 8.375000000000000500e-02 3.500000000000000333e-02
0.000000000000000000e+00 4.681034496814027168e-01 8.961111111111110805e-01 8.375000000000000500e-02 3.500000000000000333e-02
0.000000000000000000e+00 6.863931278684440862e-01 8.961111111111110805e-01 5.468750000000000000e-02 3.500000000000000333e-02
0.000000000000000000e+00 9.046828060554852335e-01 8.961111111111110805e-01 5.468750000000000000e-02 3.500000000000000333e-02
1.000000000000000000e+00 1.140451388888888973e-01 7.586541854231818593e-01 5.468750000000000000e-02 3.500000000000000333e-02
1.000000000000000000e+00 1.140451388888888973e-01 6.413859588288348679e-01 5.468750000000000000e-02 3.500000000000000333e-02
1.000000000000000000e+00 1.140451388888888973e-01 5.241177322344877654e-01 5.468750000000000000e-02 3.500000000000000333e-02
1.000000000000000000e+00 1.138888888888888867e-01 4.068495056401405519e-01 5.500000000000000028e-02 3.500000000000000333e-02
1.000000000000000000e+00 1.138888888888888867e-01 2.895812790457935604e-01 5.500000000000000028e-02 3.500000000000000333e-02
1.000000000000000000e+00 1.140451388888888973e-01 1.723130524514462358e-01 5.468750000000000000e-02 3.500000000000000333e-02
1.000000000000000000e+00 1.138888888888888867e-01 5.504482585709946640e-02 5.500000000000000028e-02 3.500000000000000333e-02
