0.000000000000000000e+00 3.481639061481196507e-01 8.961111111111110805e-01 8.406249999999999833e-02 3.500000000000000333e-02
0.000000000000000000e+00 5.624222512379829508e-01 8.961111111111110805e-01 5.468750000000000000e-02 3.500000000000000333e-02
0.000000000000000000e+00 7.766805963278463620e-01 8.961111111111110805e-01 5.500000000000000028e-02 3.500000000000000333e-02
1.000000000000000000e+00 1.360763888888888995e-01 8.201218617793120114e-01 9.875000000000000444e-02 3.500000000000000333e-02
1.000000000000000000e+00 1.359201388888889028e-01 7.264222223551097812e-01 9.906249999999999778e-02 3.500000000000000333e-02
1.000000000000000000e+00 1.359201388888889028e-01 6.327225829309082172e-01 9.906249999999999778e-02 3.500000000000000333e-02
1.000000000000000000e+00 1.359201388888889028e-01 5.390229435067073194e-01 9.906249999999999778e-02 3.500000000000000333e-02
1.000000000000000000e+00 1.360763888888888995e-01 4.453233040825052003e-01 9.875000000000000444e-02 3.500000000000000333e-02
1.000000000000000000e+00 1.359201388888889028e-01 3.516236646583036363e-01 9.906249999999999778e-02 3.500000000000000333e-02
1.000000000000000000e+00 1.359201388888889028e-01 2.579240252341020723e-01 9.906249999999999778e-02 3.500000000000000333e-02
1.000000000000000000e+00 1.359201388888889028e-01 1.642243858099005083e-01 9.906249999999999778e-02 3.500000000000000333e-02
1.000000000000000000e+00 1.360763888888888995e-01 7.052474638569894427e-02 9.875000000000000444e-02 3.500000000000000333e-02
