0.000000000000000000e+00 2.381900918672017753e-01 8.961111111111110805e-01 8.375000000000000500e-02 3.500000000000000333e-02
0.000000000000000000e+00 4.121864966086467019e-01 8.961111111111110805e-01 8.406249999999999833e-02 3.500000000000000333e-02
0.000000000000000000e+00 5.861829013500918784e-01 8.961111111111110805e-01 5.468750000000000000e-02 3.500000000000000333e-02
0.000000000000000000e+00 7.601793060915369438e-01 8.961111111111110805e-01 5.500000000000000028e-02 3.500000000000000333e-02
0.000000000000000000e+00 9.341757108329818982e-01 8.961111111111110805e-01 5.468750000000000000e-02 3.500000000000000333e-02
1.000000000000000000e+00 1.395138888888888540e-01 7.654456172865654606e-01 1.056249999999999967e-01 3.500000000000000333e-02
1.000000000000000000e+00 1.393576388888888573e-01 6.109980185687490239e-01 1.059375000000000039e-01 3.500000000000000333e-02
1.000000000000000000e+00 1.395138888888888540e-01 4.565504198509326983e-01 1.056249999999999967e-01 3.500000000000000333e-02
1.000000000000000000e+00 1.393576388888888573e-01 3.021028211331164837e-01 1.059375000000000039e-01 3.500000000000000333e-02
1.000000000000000000e+00 1.395138888888888540e-01 1.476552224152999360e-01 1.056249999999999967e-01 3.500000000000000333e-02
