0.000000000000000000e+00 2.092561703724751254e-01 8.961111111111110805e-01 8.375000000000000500e-02 3.500000000000000333e-02
0.000000000000000000e+00 3.513490675344986824e-01 8.961111111111110805e-01 8.375000000000000500e-02 3.500000000000000333e-02
0.000000000000000000e+00 4.934419646965222950e-01 8.961111111111110805e-01 5.468750000000000000e-02 3.500000000000000333e-02
0.000000000000000000e+00 6.355348618585460185e-01 8.961111111111110805e-01 5.468750000000000000e-02 3.500000000000000333e-02
0.000000000000000000e+00 7.776277590205696866e-01 8.961111111111110805e-01 5.468750000000000000e-02 3.500000000000000333e-02
0.000000000000000000e+00 9.197206561825934656e-01 8.961111111111110805e-01 5.500000000000000028e-02 3.500000000000000333e-02
1.000000000000000000e+00 1.251388888888889106e-01 8.253000734729255550e-01 7.687499999999999889e-02 3.500000000000000333e-02
1.000000000000000000e+00 1.251388888888889106e-01 7.197207711102890926e-01 7.687499999999999889e-02 3.500000000000000333e-02
1.000000000000000000e+00 1.251388888888889106e-01 6.141414687476520751e-01 7.687499999999999889e-02 3.500000000000000333e-02
1.000000000000000000e+00 1.251388888888889106e-01 5.085621663850161678e-01 7.687499999999999889e-02 3.500000000000000333e-02
1.000000000000000000e+00 1.249826388888889139e-01 4.029828640223798164e-01 7.718750000000000611e-02 3.500000000000000333e-02
1.000000000000000000e+00 1.249826388888889139e-01 2.974035616597433540e-01 7.718750000000000611e-02 3.500000000000000333e-02
1.000000000000000000e+00 1.251388888888889106e-01 1.918242592971068916e-01 7.687499999999999889e-02 3.500000000000000333e-02
1.000000000000000000e+00 1.251388888888889106e-01 8.624495693447042921e-02 7.687499999999999889e-02 3.500000000000000333e-02
