0.000000000000000000e+00 2.206465318811527132e-01 8.961111111111110805e-01 8.406249999999999833e-02 3.500000000000000333e-02
0.000000000000000000e+00 3.636501828474276166e-01 8.961111111111110805e-01 8.375000000000000500e-02 3.500000000000000333e-02
0.000000000000000000e+00 5.066538338137022146e-01 8.961111111111110805e-01 8.375000000000000500e-02 3.500000000000000333e-02
0.000000000000000000e+00 6.496574847799772012e-01 8.961111111111110805e-01 5.468750000000000000e-02 3.500000000000000333e-02
0.000000000000000000e+00 7.926611357462516327e-01 8.961111111111110805e-01 5.468750000000000000e-02 3.500000000000000333e-02
0.000000000000000000e+00 9.356647867125268414e-01 8.961111111111110805e-01 5.468750000000000000e-02 3.500000000000000333e-02
1.000000000000000000e+00 1.359201388888889028e-01 7.358858842780773291e-01 9.906249999999999778e-02 3.500000000000000333e-02
1.000000000000000000e+00 1.362326388888889239e-01 5.615040951902255939e-01 9.843749999999999722e-02 3.500000000000000333e-02
1.000000000000000000e+00 1.362326388888889239e-01 3.871223061023738587e-01 9.843749999999999722e-02 3.500000000000000333e-02
1.000000000000000000e+00 1.362326388888889239e-01 2.127405170145221236e-01 9.843749999999999722e-02 3.500000000000000333e-02
