0.000000000000000000e+00 2.247425722296294004e-01 8.961111111111110805e-01 8.375000000000000500e-02 3.500000000000000333e-02
0.000000000000000000e+00 3.666465911657140198e-01 8.961111111111110805e-01 8.375000000000000500e-02 3.500000000000000333e-02
0.000000000000000000e+00 5.085506101017985836e-01 8.961111111111110805e-01 5.468750000000000000e-02 3.500000000000000333e-02
0.000000000000000000e+00 6.504546290378832030e-01 8.961111111111110805e-01 5.468750000000000000e-02 3.500000000000000333e-02
0.000000000000000000e+00 7.923586479739674893e-01 8.961111111111110805e-01 5.468750000000000000e-02 3.500000000000000333e-02
0.000000000000000000e+00 9.342626669100521086e-01 8.961111111111110805e-01 5.500000000000000028e-02 3.500000000000000333e-02
1.000000000000000000e+00 1.140451388888888973e-01 8.506167716184689365e-01 5.468750000000000000e-02 3.499999999999998251e-02
1.000000000000000000e+00 1.140451388888888973e-01 6.939714257666264041e-01 5.468750000000000000e-02 3.500000000000003803e-02
1.000000000000000000e+00 1.140451388888888973e-01 5.373260799147837607e-01 5.468750000000000000e-02 3.500000000000000333e-02
1.000000000000000000e+00 1.138888888888888867e-01 3.806807340629412284e-01 5.500000000000000028e-02 3.500000000000000333e-02
1.000000000000000000e+00 1.138888888888888867e-01 2.240353882110989181e-01 5.500000000000000028e-02 3.500000000000000333e-02
1.000000000000000000e+00 1.138888888888888867e-01 6.739004235925616371e-02 5.500000000000000028e-02 3.500000000000000333e-02
