0.000000000000000000e+00 2.843103234472640906e-01 8.961111111111110805e-01 5.468750000000000000e-02 3.500000000000000333e-02
0.000000000000000000e+00 4.437974615392685784e-01 8.961111111111110805e-01 5.468750000000000000e-02 3.500000000000000333e-02
0.000000000000000000e+00 6.032845996312731218e-01 8.961111111111110805e-01 5.468750000000000000e-02 3.500000000000000333e-02
0.000000000000000000e+00 7.627717377232778873e-01 8.961111111111110805e-01 5.500000000000000028e-02 3.500000000000000333e-02
0.000000000000000000e+00 9.222588758152820976e-01 8.961111111111110805e-01 5.500000000000000028e-02 3.500000000000000333e-02
1.000000000000000000e+00 1.398263888888889028e-01 8.577337177541519697e-01 1.056249999999999967e-01 3.500000000000000333e-02
1.000000000000000000e+00 1.395138888888889095e-01 7.574182029944837025e-01 1.062499999999999972e-01 3.500000000000000333e-02
1.000000000000000000e+00 1.396701388888889062e-01 6.571026882348154352e-01 1.059375000000000039e-01 3.500000000000000333e-02
1.000000000000000000e+00 1.396701388888889062e-01 5.567871734751472790e-01 1.059375000000000039e-01 3.500000000000000333e-02
1.000000000000000000e+00 1.543576388888888984e-01 4.564716587154791227e-01 7.656250000000000555e-02 3.500000000000000333e-02
1.000000000000000000e+00 1.542013888888889017e-01 3.561561439558110775e-01 7.687499999999999889e-02 3.500000000000000333e-02
1.000000000000000000e+00 1.542013888888889017e-01 2.558406291961426993e-01 7.687499999999999889e-02 3.500000000000000333e-02
1.000000000000000000e+00 1.540451388888889050e-01 1.555251144364743210e-01 7.718750000000000611e-02 3.500000000000000333e-02
1.000000000000000000e+00 1.543576388888888984e-01 5.520959967680638680e-02 7.656250000000000555e-02 3.500000000000000333e-02
