0.000000000000000000e+00 3.372415931439448622e-01 8.961111111111110805e-01 8.375000000000000500e-02 3.500000000000000333e-02
0.000000000000000000e+00 4.950006290998314462e-01 8.961111111111110805e-01 8.375000000000000500e-02 3.500000000000000333e-02
0.000000000000000000e+00 6.527596650557180302e-01 8.961111111111110805e-01 5.468750000000000000e-02 3.500000000000000333e-02
0.000000000000000000e+00 8.105187010116046142e-01 8.961111111111110805e-01 5.468750000000000000e-02 3.500000000000000333e-02
1.000000000000000000e+00 1.615451388888889395e-01 8.445916787970100259e-01 1.496875000000000011e-01 3.500000000000000333e-02
1.000000000000000000e+00 1.615451388888889395e-01 7.230689943907191441e-01 1.496875000000000011e-01 3.500000000000000333e-02
1.000000000000000000e+00 1.615451388888889395e-01 6.015463099844282624e-01 1.496875000000000011e-01 3.500000000000000333e-02
1.000000000000000000e+00 1.617013888888889361e-01 4.800236255781419326e-01 1.493750000000000078e-01 3.500000000000000333e-02
1.000000000000000000e+00 1.617013888888889361e-01 3.585009411718510508e-01 1.493750000000000078e-01 3.500000000000000333e-02
1.000000000000000000e+00 1.617013888888889361e-01 2.369782567655647210e-01 1.493750000000000078e-01 3.500000000000000333e-02
1.000000000000000000e+00 1.613888888888889150e-01 1.154555723592739502e-01 1.499999999999999944e-01 3.500000000000000333e-02
