0.000000000000000000e+00 2.758524663663737830e-01 8.961111111111110805e-01 8.406249999999999833e-02 3.500000000000000333e-02
0.000000000000000000e+00 4.054352074946386830e-01 8.961111111111110805e-01 8.375000000000000500e-02 3.500000000000000333e-02
0.000000000000000000e+00 5.350179486229033055e-01 8.961111111111110805e-01 8.375000000000000500e-02 3.500000000000000333e-02
0.000000000000000000e+00 6.646006897511679279e-01 8.961111111111110805e-01 5.468750000000000000e-02 3.500000000000000333e-02
0.000000000000000000e+00 7.941834308794326613e-01 8.961111111111110805e-01 5.468750000000000000e-02 3.500000000000000333e-02
0.000000000000000000e+00 9.237661720076977279e-01 8.961111111111110805e-01 5.468750000000000000e-02 3.500000000000000333e-02
1.000000000000000000e+00 1.285763888888888651e-01 8.339029883900639373e-01 8.375000000000000500e-02 3.500000000000000333e-02
1.000000000000000000e+00 1.284201388888888684e-01 7.004459745056083042e-01 8.406249999999999833e-02 3.500000000000000333e-02
1.000000000000000000e+00 1.284201388888888684e-01 5.669889606211526711e-01 8.406249999999999833e-02 3.500000000000000333e-02
1.000000000000000000e+00 1.285763888888888651e-01 4.335319467366969270e-01 8.375000000000000500e-02 3.500000000000000333e-02
1.000000000000000000e+00 1.285763888888888651e-01 3.000749328522411830e-01 8.375000000000000500e-02 3.500000000000000333e-02
1.000000000000000000e+00 1.285763888888888651e-01 1.666179189677854389e-01 8.375000000000000500e-02 3.500000000000000333e-02
