0.000000000000000000e+00 2.830580025008212486e-01 8.961111111111110805e-01 8.406249999999999833e-02 3.500000000000000333e-02
0.000000000000000000e+00 4.136783066385846808e-01 8.961111111111110805e-01 8.406249999999999833e-02 3.500000000000000333e-02
0.000000000000000000e+00 5.442986107763482240e-01 8.961111111111110805e-01 8.375000000000000500e-02 3.500000000000000333e-02
0.000000000000000000e+00 6.749189149141117117e-01 8.961111111111110805e-01 8.375000000000000500e-02 3.500000000000000333e-02
0.000000000000000000e+00 8.055392190518753104e-01 8.961111111111110805e-01 5.468750000000000000e-02 3.500000000000000333e-02
0.000000000000000000e+00 9.361595231896387981e-01 8.961111111111110805e-01 5.468750000000000000e-02 3.500000000000000333e-02
1.000000000000000000e+00 1.395138888888888540e-01 8.472982003399545103e-01 1.056249999999999967e-01 3.500000000000000333e-02
1.000000000000000000e+00 1.395138888888888540e-01 6.926387374863008928e-01 1.056249999999999967e-01 3.500000000000000333e-02
1.000000000000000000e+00 1.395138888888888540e-01 5.379792746326478303e-01 1.056249999999999967e-01 3.500000000000000333e-02
1.000000000000000000e+00 1.393576388888888573e-01 3.833198117789942128e-01 1.059375000000000039e-01 3.500000000000000333e-02
1.000000000000000000e+00 1.395138888888888540e-01 2.286603489253400401e-01 1.056249999999999967e-01 3.500000000000000333e-02
1.000000000000000000e+00 1.393576388888888573e-01 7.400088607168586741e-02 1.059375000000000039e-01 3.500000000000000333e-02
