0.000000000000000000e+00 2.997380516123617777e-01 8.961111111111110805e-01 1.059375000000000039e-01 3.500000000000000333e-02
0.000000000000000000e+00 4.274569387507888285e-01 8.961111111111110805e-01 1.059375000000000039e-01 3.500000000000000333e-02
0.000000000000000000e+00 5.551758258892158793e-01 8.961111111111110805e-01 1.059375000000000039e-01 3.500000000000000333e-02
0.000000000000000000e+00 6.828947130276427080e-01 8.961111111111110805e-01 7.656250000000000555e-02 3.500000000000000333e-02
0.000000000000000000e+00 8.106136001660698698e-01 8.961111111111110805e-01 7.687499999999999889e-02 3.500000000000000333e-02
0.000000000000000000e+00 9.383324873044969205e-01 8.961111111111110805e-01 7.687499999999999889e-02 3.500000000000000333e-02
1.000000000000000000e+00 1.502951388888889017e-01 7.791688135372533131e-01 1.278124999999999956e-01 3.500000000000000333e-02
1.000000000000000000e+00 1.502951388888889017e-01 6.734018670027148712e-01 1.278124999999999956e-01 3.500000000000000333e-02
1.000000000000000000e+00 1.502951388888889017e-01 5.676349204681787608e-01 1.278124999999999956e-01 3.500000000000000333e-02
1.000000000000000000e+00 1.502951388888889017e-01 4.618679739336403189e-01 1.278124999999999956e-01 3.500000000000000333e-02
1.000000000000000000e+00 1.504513888888888984e-01 3.561010273991018771e-01 1.275000000000000022e-01 3.500000000000000333e-02
1.000000000000000000e+00 1.504513888888888984e-01 2.503340808645634352e-01 1.275000000000000022e-01 3.500000000000000333e-02
1.000000000000000000e+00 1.504513888888888984e-01 1.445671343300273248e-01 1.275000000000000022e-01 3.500000000000000333e-02
