0.000000000000000000e+00 1.967642082128477077e-01 8.961111111111110805e-01 8.406249999999999833e-02 3.500000000000000333e-02
0.000000000000000000e+00 3.168399539008673327e-01 8.961111111111110805e-01 8.406249999999999833e-02 3.500000000000000333e-02
0.000000000000000000e+00 4.369156995888870409e-01 8.961111111111110805e-01 8.406249999999999833e-02 3.500000000000000333e-02
0.000000000000000000e+00 5.569914452769065827e-01 8.961111111111110805e-01 8.375000000000000500e-02 3.500000000000000333e-02
0.000000000000000000e+00 6.770671909649260689e-01 8.961111111111110805e-01 8.375000000000000500e-02 3.500000000000000333e-02
0.000000000000000000e+00 7.971429366529459992e-01 8.961111111111110805e-01 5.468750000000000000e-02 3.500000000000000333e-02
0.000000000000000000e+00 9.172186823409655965e-01 8.961111111111110805e-01 5.468750000000000000e-02 3.500000000000000333e-02
1.000000000000000000e+00 1.287326388888889173e-01 8.253825293564619470e-01 8.406249999999999833e-02 3.500000000000000333e-02
1.000000000000000000e+00 1.287326388888889173e-01 7.201757365415566436e-01 8.406249999999999833e-02 3.500000000000000333e-02
1.000000000000000000e+00 1.285763888888889206e-01 6.149689437266511183e-01 8.437500000000000555e-02 3.500000000000000333e-02
1.000000000000000000e+00 1.287326388888889173e-01 5.097621509117455929e-01 8.406249999999999833e-02 3.500000000000000333e-02
1.000000000000000000e+00 1.287326388888889173e-01 4.045553580968401786e-01 8.406249999999999833e-02 3.500000000000000333e-02
1.000000000000000000e+00 1.287326388888889173e-01 2.993485652819347642e-01 8.406249999999999833e-02 3.500000000000000333e-02
1.000000000000000000e+00 1.288888888888889139e-01 1.941417724670290168e-01 8.375000000000000500e-02 3.500000000000000333e-02
1.000000000000000000e+00 1.287326388888889173e-01 8.893497965212360246e-02 8.406249999999999833e-02 3.500000000000000333e-02
