0.000000000000000000e+00 2.144006974385527509e-01 8.961111111111110805e-01 8.406249999999999833e-02 3.500000000000000333e-02
0.000000000000000000e+00 4.070057944368846714e-01 8.961111111111110805e-01 8.406249999999999833e-02 3.500000000000000333e-02
0.000000000000000000e+00 5.996108914352165087e-01 8.961111111111110805e-01 5.468750000000000000e-02 3.500000000000000333e-02
0.000000000000000000e+00 7.922159884335482349e-01 8.961111111111110805e-01 5.500000000000000028e-02 3.500000000000000333e-02
1.000000000000000000e+00 1.284201388888888684e-01 8.572543834604036128e-01 8.406249999999999833e-02 3.500000000000000333e-02
1.000000000000000000e+00 1.284201388888888684e-01 7.630231424151706632e-01 8.406249999999999833e-02 3.500000000000000333e-02
1.000000000000000000e+00 1.284201388888888684e-01 6.687919013699378246e-01 8.406249999999999833e-02 3.500000000000000333e-02
1.000000000000000000e+00 1.285763888888888651e-01 5.745606603247048749e-01 8.375000000000000500e-02 3.500000000000000333e-02
1.000000000000000000e+00 1.285763888888888651e-01 4.803294192794720363e-01 8.375000000000000500e-02 3.500000000000000333e-02
1.000000000000000000e+00 1.431076388888888606e-01 3.860981782342391977e-01 5.468750000000000000e-02 3.500000000000000333e-02
1.000000000000000000e+00 1.431076388888888606e-01 2.918669371890061370e-01 5.468750000000000000e-02 3.500000000000000333e-02
1.000000000000000000e+00 1.431076388888888606e-01 1.976356961437732984e-01 5.468750000000000000e-02 3.500000000000000333e-02
1.000000000000000000e+00 1.429513888888888640e-01 1.034044550985406818e-01 5.500000000000000028e-02 3.500000000000000333e-02
