0.000000000000000000e+00 2.614475181031736817e-01 8.961111111111110805e-01 1.281249999999999889e-01 3.500000000000000333e-02
0.000000000000000000e+00 4.182902697868179365e-01 8.961111111111110805e-01 1.278124999999999956e-01 3.500000000000000333e-02
0.000000000000000000e+00 5.751330214704623023e-01 8.961111111111110805e-01 1.278124999999999956e-01 3.500000000000000333e-02
0.000000000000000000e+00 7.319757731541065571e-01 8.961111111111110805e-01 9.843749999999999722e-02 3.500000000000000333e-02
0.000000000000000000e+00 8.888185248377508119e-01 8.961111111111110805e-01 9.875000000000000444e-02 3.500000000000000333e-02
1.000000000000000000e+00 1.393576388888888573e-01 7.590524123126226597e-01 1.059375000000000039e-01 3.500000000000000333e-02
1.000000000000000000e+00 1.393576388888888573e-01 6.325577524713639210e-01 1.059375000000000039e-01 3.500000000000000333e-02
1.000000000000000000e+00 1.393576388888888573e-01 5.060630926301058485e-01 1.059375000000000039e-01 3.500000000000000333e-02
1.000000000000000000e+00 1.393576388888888573e-01 3.795684327888472209e-01 1.059375000000000039e-01 3.500000000000000333e-02
1.000000000000000000e+00 1.395138888888888540e-01 2.530737729475890374e-01 1.056249999999999967e-01 3.500000000000000333e-02
1.000000000000000000e+00 1.395138888888888540e-01 1.265791131063309649e-01 1.056249999999999967e-01 3.500000000000000333e-02
