0.000000000000000000e+00 3.352084021418143545e-01 8.961111111111110805e-01 8.406249999999999833e-02 3.500000000000000333e-02
0.000000000000000000e+00 4.640197386226096454e-01 8.961111111111110805e-01 8.375000000000000500e-02 3.500000000000000333e-02
0.000000000000000000e+00 5.928310751034049364e-01 8.961111111111110805e-01 8.375000000000000500e-02 3.500000000000000333e-02
0.000000000000000000e+00 7.216424115841999498e-01 8.961111111111110805e-01 5.468750000000000000e-02 3.500000000000000333e-02
0.000000000000000000e+00 8.504537480649949632e-01 8.961111111111110805e-01 5.468750000000000000e-02 3.500000000000000333e-02
1.000000000000000000e+00 1.504513888888888706e-01 8.092829866821193985e-01 1.281249999999999889e-01 3.500000000000000333e-02
1.000000000000000000e+00 1.506076388888888673e-01 7.093753959371225104e-01 1.278124999999999956e-01 3.500000000000000333e-02
1.000000000000000000e+00 1.506076388888888673e-01 6.094678051921255113e-01 1.278124999999999956e-01 3.500000000000000333e-02
1.000000000000000000e+00 1.507638888888888640e-01 5.095602144471286232e-01 1.275000000000000022e-01 3.500000000000000333e-02
1.000000000000000000e+00 1.504513888888888706e-01 4.096526237021316241e-01 1.281249999999999889e-01 3.500000000000000333e-02
1.000000000000000000e+00 1.506076388888888673e-01 3.097450329571347361e-01 1.278124999999999956e-01 3.500000000000000333e-02
1.000000000000000000e+00 1.504513888888888706e-01 2.098374422121378480e-01 1.281249999999999889e-01 3.500000000000000333e-02
1.000000000000000000e+00 1.506076388888888673e-01 1.099298514671409599e-01 1.278124999999999956e-01 3.500000000000000333e-02
