0.000000000000000000e+00 2.912235238336743359e-01 8.961111111111110805e-01 8.375000000000003275e-02 3.500000000000000333e-02
0.000000000000000000e+00 4.521039016523994425e-01 8.961111111111110805e-01 5.468750000000000000e-02 3.500000000000000333e-02
0.000000000000000000e+00 6.129842794711244380e-01 8.961111111111110805e-01 5.468750000000006939e-02 3.500000000000000333e-02
0.000000000000000000e+00 7.738646572898494336e-01 8.961111111111110805e-01 5.468750000000000000e-02 3.500000000000000333e-02
0.000000000000000000e+00 9.347450351085746512e-01 8.961111111111110805e-01 5.500000000000000028e-02 3.500000000000000333e-02
1.000000000000000000e+00 1.470138888888889162e-01 8.356447885472334525e-01 1.206249999999999961e-01 3.500000000000000333e-02
1.000000000000000000e+00 1.470138888888889162e-01 7.441578674773996482e-01 1.206249999999999961e-01 3.500000000000000333e-02
1.000000000000000000e+00 1.470138888888889162e-01 6.526709464075679534e-01 1.206249999999999961e-01 3.500000000000000333e-02
1.000000000000000000e+00 1.468576388888889195e-01 5.611840253377362586e-01 1.209375000000000033e-01 3.500000000000000333e-02
1.000000000000000000e+00 1.468576388888889195e-01 4.696971042679046748e-01 1.209375000000000033e-01 3.500000000000000333e-02
1.000000000000000000e+00 1.468576388888889195e-01 3.782101831980707596e-01 1.209375000000000033e-01 3.500000000000000333e-02
1.000000000000000000e+00 1.470138888888889162e-01 2.867232621282391758e-01 1.206249999999999961e-01 3.500000000000000333e-02
1.000000000000000000e+00 1.468576388888889195e-01 1.952363410584075920e-01 1.209375000000000033e-01 3.500000000000000333e-02
1.000000000000000000e+00 1.468576388888889195e-01 1.037494199885758972e-01 1.209375000000000033e-01 3.500000000000000333e-02
