0.000000000000000000e+00 3.311186055152917640e-01 8.961111111111110805e-01 8.375000000000000500e-02 3.500000000000000333e-02
0.000000000000000000e+00 4.713378437428228374e-01 8.961111111111110805e-01 8.375000000000000500e-02 3.500000000000000333e-02
0.000000000000000000e+00 6.115570819703538552e-01 8.961111111111110805e-01 5.468750000000000000e-02 3.500000000000000333e-02
0.000000000000000000e+00 7.517763201978848731e-01 8.961111111111110805e-01 5.468750000000000000e-02 3.500000000000000333e-02
0.000000000000000000e+00 8.919955584254155578e-01 8.961111111111110805e-01 5.468750000000000000e-02 3.500000000000000333e-02
1.000000000000000000e+00 1.395138888888889095e-01 7.621373820811930822e-01 1.062499999999999972e-01 3.500000000000000333e-02
1.000000000000000000e+00 1.396701388888889062e-01 6.325162739761227559e-01 1.059375000000000039e-01 3.500000000000000333e-02
1.000000000000000000e+00 1.396701388888889062e-01 5.028951658710523187e-01 1.059375000000000039e-01 3.500000000000000333e-02
1.000000000000000000e+00 1.398263888888889028e-01 3.732740577659816594e-01 1.056249999999999967e-01 3.500000000000000333e-02
1.000000000000000000e+00 1.396701388888889062e-01 2.436529496609111112e-01 1.059375000000000039e-01 3.500000000000000333e-02
1.000000000000000000e+00 1.398263888888889028e-01 1.140318415558404519e-01 1.056249999999999967e-01 3.500000000000000333e-02
