0.000000000000000000e+00 1.941745471726910865e-01 8.961111111111110805e-01 8.375000000000000500e-02 3.500000000000000333e-02
0.000000000000000000e+00 3.101775569453742998e-01 8.961111111111110805e-01 8.375000000000000500e-02 3.500000000000000333e-02
0.000000000000000000e+00 4.261805667180577628e-01 8.961111111111110805e-01 5.468750000000000000e-02 3.500000000000000333e-02
0.000000000000000000e+00 5.421835764907408928e-01 8.961111111111110805e-01 5.468750000000000000e-02 3.500000000000000333e-02
0.000000000000000000e+00 6.581865862634239672e-01 8.961111111111110805e-01 5.468750000000000000e-02 3.500000000000000333e-02
0.000000000000000000e+00 7.741895960361074858e-01 8.961111111111110805e-01 5.500000000000000028e-02 3.500000000000000333e-02
0.000000000000000000e+00 8.901926058087908933e-01 8.961111111111110805e-01 5.500000000000000028e-02 3.500000000000000333e-02
1.000000000000000000e+00 1.140451388888888973e-01 7.711315100909866826e-01 5.468750000000000000e-02 3.500000000000000333e-02
1.000000000000000000e+00 1.138888888888888867e-01 6.401169859838989895e-01 5.500000000000000028e-02 3.500000000000000333e-02
1.000000000000000000e+00 1.138888888888888867e-01 5.091024618768111853e-01 5.500000000000000028e-02 3.500000000000000333e-02
1.000000000000000000e+00 1.140451388888888973e-01 3.780879377697234922e-01 5.468750000000000000e-02 3.500000000000000333e-02
1.000000000000000000e+00 1.138888888888888867e-01 2.470734136626359101e-01 5.500000000000000028e-02 3.500000000000000333e-02
1.000000000000000000e+00 1.138888888888888867e-01 1.160588895555477729e-01 5.500000000000000028e-02 3.500000000000000333e-02
