0.000000000000000000e+00 3.009488969303154571e-01 8.961111111111110805e-01 8.375000000000000500e-02 3.500000000000000333e-02
0.000000000000000000e+00 4.421925922487904836e-01 8.961111111111110805e-01 5.468750000000000000e-02 3.500000000000000333e-02
0.000000000000000000e+00 5.834362875672657323e-01 8.961111111111110805e-01 5.468750000000000000e-02 3.500000000000000333e-02
0.000000000000000000e+00 7.246799828857407588e-01 8.961111111111110805e-01 5.468750000000000000e-02 3.500000000000000333e-02
0.000000000000000000e+00 8.659236782042155633e-01 8.961111111111110805e-01 5.500000000000000028e-02 3.500000000000000333e-02
1.000000000000000000e+00 1.504513888888888984e-01 7.661649830537226036e-01 1.275000000000000022e-01 3.500000000000000333e-02
1.000000000000000000e+00 1.504513888888888984e-01 6.525804731661901670e-01 1.275000000000000022e-01 3.500000000000000333e-02
1.000000000000000000e+00 1.502951388888889017e-01 5.389959632786531785e-01 1.278124999999999956e-01 3.500000000000000333e-02
1.000000000000000000e+00 1.502951388888889017e-01 4.254114533911206308e-01 1.278124999999999956e-01 3.500000000000000333e-02
1.000000000000000000e+00 1.504513888888888984e-01 3.118269435035836423e-01 1.275000000000000022e-01 3.500000000000000333e-02
1.000000000000000000e+00 1.504513888888888984e-01 1.982424336160465428e-01 1.275000000000000022e-01 3.500000000000000333e-02
1.000000000000000000e+00 1.504513888888888984e-01 8.465792372851410619e-02 1.275000000000000022e-01 3.500000000000000333e-02
