0.000000000000000000e+00 2.765995165842904391e-01 8.961111111111110805e-01 8.406249999999999833e-02 3.500000000000000333e-02
0.000000000000000000e+00 4.034656227887781221e-01 8.961111111111110805e-01 5.468750000000000000e-02 3.500000000000000333e-02
0.000000000000000000e+00 5.303317289932660827e-01 8.961111111111110805e-01 5.500000000000000028e-02 3.500000000000000333e-02
0.000000000000000000e+00 6.571978351977537658e-01 8.961111111111110805e-01 5.468750000000000000e-02 3.500000000000000333e-02
0.000000000000000000e+00 7.840639414022413378e-01 8.961111111111110805e-01 5.468750000000000000e-02 3.500000000000000333e-02
0.000000000000000000e+00 9.109300476067292429e-01 8.961111111111110805e-01 5.468750000000000000e-02 3.500000000000000333e-02
1.000000000000000000e+00 1.285763888888888651e-01 8.549845842319045985e-01 8.375000000000000500e-02 3.500000000000000333e-02
1.000000000000000000e+00 1.284201388888888684e-01 7.252524240239042186e-01 8.406249999999999833e-02 3.500000000000000333e-02
1.000000000000000000e+00 1.431076388888888606e-01 5.955202638159039497e-01 5.468750000000000000e-02 3.500000000000000333e-02
1.000000000000000000e+00 1.429513888888888640e-01 4.657881036079036807e-01 5.500000000000000028e-02 3.500000000000000333e-02
1.000000000000000000e+00 1.431076388888888606e-01 3.360559433999035228e-01 5.468750000000000000e-02 3.500000000000000333e-02
1.000000000000000000e+00 1.431076388888888606e-01 2.063237831919031429e-01 5.468750000000000000e-02 3.500000000000000333e-02
1.000000000000000000e+00 1.431076388888888606e-01 7.659162298390287393e-02 5.468750000000000000e-02 3.500000000000000333e-02
