0.000000000000000000e+00 2.397544801170730100e-01 8.961111111111110805e-01 8.406249999999999833e-02 3.500000000000000333e-02
0.000000000000000000e+00 4.138032214090751060e-01 8.961111111111110805e-01 8.406249999999999833e-02 3.500000000000000333e-02
0.000000000000000000e+00 5.878519627010772020e-01 8.961111111111110805e-01 5.468750000000000000e-02 3.500000000000000333e-02
0.000000000000000000e+00 7.619007039930792979e-01 8.961111111111110805e-01 5.500000000000000028e-02 3.500000000000000333e-02
0.000000000000000000e+00 9.359494452850815049e-01 8.961111111111110805e-01 5.500000000000000028e-02 3.500000000000000333e-02
1.000000000000000000e+00 1.399826388888888995e-01 8.270606398895654632e-01 1.059375000000000039e-01 3.500000000000000333e-02
1.000000000000000000e+00 1.398263888888889028e-01 7.197634244455206609e-01 1.062499999999999972e-01 3.500000000000000333e-02
1.000000000000000000e+00 1.399826388888888995e-01 6.124662090014760807e-01 1.059375000000000039e-01 3.500000000000000333e-02
1.000000000000000000e+00 1.396701388888889062e-01 5.051689935574310564e-01 1.065625000000000044e-01 3.500000000000000333e-02
1.000000000000000000e+00 1.398263888888889028e-01 3.978717781133863651e-01 1.062499999999999972e-01 3.500000000000000333e-02
1.000000000000000000e+00 1.398263888888889028e-01 2.905745626693413408e-01 1.062499999999999972e-01 3.500000000000000333e-02
1.000000000000000000e+00 1.399826388888888995e-01 1.832773472252964275e-01 1.059375000000000039e-01 3.500000000000000333e-02
1.000000000000000000e+00 1.398263888888889028e-01 7.598013178125184730e-02 1.062499999999999972e-01 3.500000000000000333e-02
