0.000000000000000000e+00 2.685315568316486989e-01 8.961111111111110805e-01 1.059375000000000039e-01 3.500000000000000333e-02
0.000000000000000000e+00 4.144993738905650149e-01 8.961111111111110805e-01 7.656250000000000555e-02 3.500000000000000333e-02
0.000000000000000000e+00 5.604671909494812754e-01 8.961111111111110805e-01 7.687499999999999889e-02 3.500000000000000333e-02
0.000000000000000000e+00 7.064350080083977579e-01 8.961111111111110805e-01 7.687499999999999889e-02 3.500000000000000333e-02
0.000000000000000000e+00 8.524028250673140183e-01 8.961111111111110805e-01 7.687499999999999889e-02 3.500000000000000333e-02
1.000000000000000000e+00 1.617013888888889361e-01 8.070155653747315139e-01 1.499999999999999944e-01 3.500000000000000333e-02
1.000000000000000000e+00 1.615451388888889395e-01 6.996474701507577887e-01 1.503124999999999878e-01 3.500000000000000333e-02
1.000000000000000000e+00 1.615451388888889395e-01 5.922793749267885044e-01 1.503124999999999878e-01 3.500000000000000333e-02
1.000000000000000000e+00 1.615451388888889395e-01 4.849112797028146682e-01 1.503124999999999878e-01 3.500000000000000333e-02
1.000000000000000000e+00 1.617013888888889361e-01 3.775431844788453839e-01 1.499999999999999944e-01 3.500000000000000333e-02
1.000000000000000000e+00 1.617013888888889361e-01 2.701750892548716587e-01 1.499999999999999944e-01 3.500000000000000333e-02
1.000000000000000000e+00 1.617013888888889361e-01 1.628069940309023744e-01 1.499999999999999944e-01 3.500000000000000333e-02
1.000000000000000000e+00 1.617013888888889361e-01 5.543889880692853822e-02 1.499999999999999944e-01 3.500000000000000333e-02
