0.000000000000000000e+00 2.001378349076017582e-01 8.961111111111110805e-01 8.406249999999999833e-02 3.500000000000000333e-02
0.000000000000000000e+00 3.352880429562965503e-01 8.961111111111110805e-01 8.406249999999999833e-02 3.500000000000000333e-02
0.000000000000000000e+00 4.704382510049914812e-01 8.961111111111110805e-01 8.375000000000000500e-02 3.500000000000000333e-02
0.000000000000000000e+00 6.055884590536860790e-01 8.961111111111110805e-01 8.375000000000000500e-02 3.500000000000000333e-02
0.000000000000000000e+00 7.407386671023808988e-01 8.961111111111110805e-01 5.468750000000000000e-02 3.500000000000000333e-02
0.000000000000000000e+00 8.758888751510760518e-01 8.961111111111110805e-01 5.468750000000000000e-02 3.500000000000000333e-02
1.000000000000000000e+00 1.143576388888888906e-01 7.175795105480051728e-01 5.468750000000000000e-02 3.500000000000000333e-02
1.000000000000000000e+00 1.142013888888888939e-01 5.736963930592661187e-01 5.500000000000000028e-02 3.500000000000000333e-02
1.000000000000000000e+00 1.142013888888888939e-01 4.298132755705266206e-01 5.500000000000000028e-02 3.500000000000000333e-02
1.000000000000000000e+00 1.142013888888888939e-01 2.859301580817876776e-01 5.500000000000000028e-02 3.500000000000000333e-02
1.000000000000000000e+00 1.140451388888888973e-01 1.420470405930487345e-01 5.531250000000000056e-02 3.500000000000000333e-02
