0.000000000000000000e+00 2.972457252920738258e-01 8.961111111111110805e-01 8.375000000000000500e-02 3.500000000000000333e-02
0.000000000000000000e+00 4.223209213111464022e-01 8.961111111111110805e-01 8.375000000000000500e-02 3.500000000000000333e-02
0.000000000000000000e+00 5.473961173302190897e-01 8.961111111111110805e-01 8.406249999999999833e-02 3.500000000000000333e-02
0.000000000000000000e+00 6.724713133492915551e-01 8.961111111111110805e-01 5.468750000000000000e-02 3.500000000000000333e-02
0.000000000000000000e+00 7.975465093683637985e-01 8.961111111111110805e-01 5.500000000000000028e-02 3.500000000000000333e-02
0.000000000000000000e+00 9.226217053874365970e-01 8.961111111111110805e-01 5.468750000000000000e-02 3.500000000000000333e-02
1.000000000000000000e+00 1.393576388888888573e-01 7.335622810726807330e-01 1.059375000000000039e-01 3.500000000000000333e-02
1.000000000000000000e+00 1.393576388888888573e-01 5.891212847139035702e-01 1.059375000000000039e-01 3.500000000000000333e-02
1.000000000000000000e+00 1.395138888888888540e-01 4.446802883551259633e-01 1.056249999999999967e-01 3.500000000000000333e-02
1.000000000000000000e+00 1.393576388888888573e-01 3.002392919963486895e-01 1.059375000000000039e-01 3.500000000000000333e-02
1.000000000000000000e+00 1.395138888888888540e-01 1.557982956375716377e-01 1.056249999999999967e-01 3.500000000000000333e-02
