0.000000000000000000e+00 2.798679080269095287e-01 8.961111111111110805e-01 8.375000000000000500e-02 3.500000000000000333e-02
0.000000000000000000e+00 4.436520613684129533e-01 8.961111111111110805e-01 5.468750000000000000e-02 3.500000000000000333e-02
0.000000000000000000e+00 6.074362147099164888e-01 8.961111111111110805e-01 5.468750000000000000e-02 3.500000000000000333e-02
0.000000000000000000e+00 7.712203680514195803e-01 8.961111111111110805e-01 5.468750000000000000e-02 3.500000000000000333e-02
0.000000000000000000e+00 9.350045213929232268e-01 8.961111111111110805e-01 5.500000000000000028e-02 3.500000000000000333e-02
1.000000000000000000e+00 1.142013888888888939e-01 7.784407372252073465e-01 5.500000000000000028e-02 3.500000000000000333e-02
1.000000000000000000e+00 1.142013888888888939e-01 6.300435307545451113e-01 5.500000000000000028e-02 3.500000000000000333e-02
1.000000000000000000e+00 1.142013888888888939e-01 4.816463242838829872e-01 5.500000000000000028e-02 3.500000000000000333e-02
1.000000000000000000e+00 1.140451388888888973e-01 3.332491178132207521e-01 5.531250000000000056e-02 3.500000000000000333e-02
1.000000000000000000e+00 1.142013888888888939e-01 1.848519113425584059e-01 5.500000000000000028e-02 3.500000000000000333e-02
