0.000000000000000000e+00 2.181666965970006089e-01 8.961111111111110805e-01 8.406249999999999833e-02 3.500000000000000333e-02
0.000000000000000000e+00 3.509312014758224074e-01 8.961111111111110805e-01 8.406249999999999833e-02 3.500000000000000333e-02
0.000000000000000000e+00 4.836957063546439284e-01 8.961111111111110805e-01 8.375000000000000500e-02 3.500000000000000333e-02
0.000000000000000000e+00 6.164602112334656159e-01 8.961111111111110805e-01 8.375000000000007438e-02 3.500000000000000333e-02
0.000000000000000000e+00 7.492247161122872479e-01 8.961111111111110805e-01 5.468750000000000000e-02 3.500000000000000333e-02
0.000000000000000000e+00 8.819892209911088798e-01 8.961111111111110805e-01 5.468750000000000000e-02 3.500000000000000333e-02
1.000000000000000000e+00 1.248263888888889173e-01 7.935542146695304666e-01 7.687499999999999889e-02 3.500000000000000333e-02
1.000000000000000000e+00 1.249826388888889139e-01 6.596205230406535502e-01 7.656250000000000555e-02 3.500000000000000333e-02
1.000000000000000000e+00 1.248263888888889173e-01 5.256868314117768559e-01 7.687499999999999889e-02 3.500000000000000333e-02
1.000000000000000000e+00 1.249826388888889139e-01 3.917531397829000506e-01 7.656250000000000555e-02 3.500000000000000333e-02
1.000000000000000000e+00 1.248263888888889173e-01 2.578194481540233562e-01 7.687499999999999889e-02 3.500000000000000333e-02
1.000000000000000000e+00 1.248263888888889173e-01 1.238857565251467729e-01 7.687499999999999889e-02 3.500000000000000333e-02
