0.000000000000000000e+00 2.064918291439744313e-01 8.961111111111110805e-01 1.059375000000000039e-01 3.500000000000000333e-02
0.000000000000000000e+00 3.229441316546821650e-01 8.961111111111110805e-01 1.059375000000000039e-01 3.500000000000000333e-02
0.000000000000000000e+00 4.393964341653899819e-01 8.961111111111110805e-01 1.059375000000000039e-01 3.500000000000000333e-02
0.000000000000000000e+00 5.558487366760977988e-01 8.961111111111110805e-01 1.059375000000000039e-01 3.500000000000000333e-02
0.000000000000000000e+00 6.723010391868055047e-01 8.961111111111110805e-01 7.656250000000000555e-02 3.500000000000000333e-02
0.000000000000000000e+00 7.887533416975134326e-01 8.961111111111110805e-01 7.687499999999999889e-02 3.500000000000000333e-02
0.000000000000000000e+00 9.052056442082212495e-01 8.961111111111110805e-01 7.687499999999999889e-02 3.500000000000000333e-02
1.000000000000000000e+00 1.285763888888889206e-01 7.914711514933299163e-01 8.437500000000000555e-02 3.500000000000000333e-02
1.000000000000000000e+00 1.285763888888889206e-01 6.862701271415038162e-01 8.437500000000000555e-02 3.500000000000000333e-02
1.000000000000000000e+00 1.287326388888889173e-01 5.810691027896776051e-01 8.406249999999999833e-02 3.500000000000000333e-02
1.000000000000000000e+00 1.287326388888889173e-01 4.758680784378513939e-01 8.406249999999999833e-02 3.500000000000000333e-02
1.000000000000000000e+00 1.287326388888889173e-01 3.706670540860254048e-01 8.406249999999999833e-02 3.500000000000007272e-02
1.000000000000000000e+00 1.287326388888889173e-01 2.654660297341990827e-01 8.406249999999999833e-02 3.500000000000000333e-02
1.000000000000000000e+00 1.287326388888889173e-01 1.602650053823730936e-01 8.406249999999999833e-02 3.500000000000000333e-02
1.000000000000000000e+00 1.288888888888889139e-01 5.506398103054677140e-02 8.375000000000000500e-02 3.500000000000000333e-02
