0.000000000000000000e+00 3.082916416472780141e-01 8.961111111111110805e-01 8.375000000000000500e-02 3.500000000000000333e-02
0.000000000000000000e+00 4.454025954341305771e-01 8.961111111111110805e-01 5.468750000000000000e-02 3.500000000000000333e-02
0.000000000000000000e+00 5.825135492209828625e-01 8.961111111111110805e-01 5.468750000000000000e-02 3.500000000000000333e-02
0.000000000000000000e+00 7.196245030078353144e-01 8.961111111111110805e-01 5.468750000000000000e-02 3.500000000000000333e-02
0.000000000000000000e+00 8.567354567946878774e-01 8.961111111111110805e-01 5.500000000000000028e-02 3.500000000000000333e-02
1.000000000000000000e+00 1.362326388888889239e-01 7.705772498904388534e-01 9.843749999999999722e-02 3.500000000000000333e-02
1.000000000000000000e+00 1.360763888888888995e-01 6.374754648918474764e-01 9.875000000000000444e-02 3.500000000000000333e-02
1.000000000000000000e+00 1.362326388888889239e-01 5.043736798932558774e-01 9.843749999999999722e-02 3.500000000000000333e-02
1.000000000000000000e+00 1.360763888888888995e-01 3.712718948946632791e-01 9.875000000000000444e-02 3.500000000000000333e-02
1.000000000000000000e+00 1.360763888888888995e-01 2.381701098960717911e-01 9.875000000000000444e-02 3.500000000000000333e-02
1.000000000000000000e+00 1.359201388888889028e-01 1.050683248974803030e-01 9.906249999999999778e-02 3.500000000000000333e-02
