0.000000000000000000e+00 2.606785224588967775e-01 8.961111111111110805e-01 1.059375000000000039e-01 3.500000000000000333e-02
0.000000000000000000e+00 3.934832163532894223e-01 8.961111111111110805e-01 7.656250000000000555e-02 3.500000000000000333e-02
0.000000000000000000e+00 5.262879102476820670e-01 8.961111111111110805e-01 7.687499999999999889e-02 3.500000000000000333e-02
0.000000000000000000e+00 6.590926041420747117e-01 8.961111111111110805e-01 7.687499999999999889e-02 3.500000000000000333e-02
0.000000000000000000e+00 7.918972980364674674e-01 8.961111111111110805e-01 7.687499999999999889e-02 3.500000000000000333e-02
0.000000000000000000e+00 9.247019919308600011e-01 8.961111111111110805e-01 7.687499999999999889e-02 3.500000000000000333e-02
1.000000000000000000e+00 1.284201388888888684e-01 8.008533140755818014e-01 8.406249999999999833e-02 3.500000000000000333e-02
1.000000000000000000e+00 1.284201388888888684e-01 6.979677337069525311e-01 8.406249999999999833e-02 3.500000000000000333e-02
1.000000000000000000e+00 1.284201388888888684e-01 5.950821533383232609e-01 8.406249999999999833e-02 3.500000000000000333e-02
1.000000000000000000e+00 1.285763888888888651e-01 4.921965729696941017e-01 8.375000000000000500e-02 3.500000000000000333e-02
1.000000000000000000e+00 1.285763888888888651e-01 3.893109926010648314e-01 8.375000000000000500e-02 3.500000000000000333e-02
1.000000000000000000e+00 1.431076388888888606e-01 2.864254122324354501e-01 5.468750000000000000e-02 3.500000000000000333e-02
1.000000000000000000e+00 1.431076388888888606e-01 1.835398318638061799e-01 5.468750000000000000e-02 3.500000000000000333e-02
1.000000000000000000e+00 1.431076388888888606e-01 8.065425149517690961e-02 5.468750000000000000e-02 3.500000000000000333e-02
