0.000000000000000000e+00 2.760599256231888732e-01 8.961111111111110805e-01 1.059375000000000039e-01 3.500000000000000333e-02
0.000000000000000000e+00 4.024242074548921022e-01 8.961111111111110805e-01 1.059375000000000039e-01 3.500000000000000333e-02
0.000000000000000000e+00 5.287884892865953868e-01 8.961111111111110805e-01 1.059375000000000039e-01 3.500000000000000333e-02
0.000000000000000000e+00 6.551527711182987268e-01 8.961111111111110805e-01 7.656250000000000555e-02 3.500000000000000333e-02
0.000000000000000000e+00 7.815170529500019558e-01 8.961111111111110805e-01 7.687499999999999889e-02 3.500000000000000333e-02
0.000000000000000000e+00 9.078813347817051849e-01 8.961111111111110805e-01 7.687499999999999889e-02 3.500000000000000333e-02
1.000000000000000000e+00 1.285763888888888651e-01 8.203548949230745624e-01 8.375000000000000500e-02 3.500000000000000333e-02
1.000000000000000000e+00 1.284201388888888684e-01 6.644010212306441510e-01 8.406249999999999833e-02 3.500000000000000333e-02
1.000000000000000000e+00 1.431076388888888606e-01 5.084471475382136285e-01 5.468750000000000000e-02 3.500000000000000333e-02
1.000000000000000000e+00 1.429513888888888640e-01 3.524932738457832171e-01 5.500000000000000028e-02 3.500000000000000333e-02
1.000000000000000000e+00 1.431076388888888606e-01 1.965394001533528057e-01 5.468750000000000000e-02 3.500000000000000333e-02
