0.000000000000000000e+00 3.530134453166020592e-01 8.961111111111110805e-01 8.375000000000000500e-02 3.500000000000000333e-02
0.000000000000000000e+00 4.985805387132535293e-01 8.961111111111110805e-01 5.468750000000000000e-02 3.500000000000000333e-02
0.000000000000000000e+00 6.441476321099051106e-01 8.961111111111110805e-01 5.468750000000000000e-02 3.500000000000000333e-02
0.000000000000000000e+00 7.897147255065565252e-01 8.961111111111110805e-01 5.468750000000000000e-02 3.500000000000000333e-02
0.000000000000000000e+00 9.352818189032078289e-01 8.961111111111110805e-01 5.500000000000000028e-02 3.500000000000000333e-02
1.000000000000000000e+00 1.504513888888888706e-01 8.501915282845630140e-01 1.281249999999999889e-01 3.500000000000000333e-02
1.000000000000000000e+00 1.504513888888888706e-01 7.583454956493506094e-01 1.281249999999999889e-01 3.500000000000000333e-02
1.000000000000000000e+00 1.504513888888888706e-01 6.664994630141382048e-01 1.281249999999999889e-01 3.500000000000000333e-02
1.000000000000000000e+00 1.506076388888888673e-01 5.746534303789303522e-01 1.278124999999999956e-01 3.500000000000000333e-02
1.000000000000000000e+00 1.506076388888888673e-01 4.828073977437179476e-01 1.278124999999999956e-01 3.500000000000000333e-02
1.000000000000000000e+00 1.506076388888888673e-01 3.909613651085055430e-01 1.278124999999999956e-01 3.500000000000000333e-02
1.000000000000000000e+00 1.504513888888888706e-01 2.991153324732976904e-01 1.281249999999999889e-01 3.500000000000000333e-02
1.000000000000000000e+00 1.504513888888888706e-01 2.072692998380852858e-01 1.281249999999999889e-01 3.500000000000000333e-02
1.000000000000000000e+00 1.506076388888888673e-01 1.154232672028774331e-01 1.278124999999999956e-01 3.500000000000000333e-02
