0.000000000000000000e+00 2.588879782146776276e-01 8.961111111111110805e-01 8.406249999999999833e-02 3.500000000000000333e-02
0.000000000000000000e+00 4.432319265861882074e-01 8.961111111111110805e-01 8.375000000000000500e-02 3.500000000000000333e-02
0.000000000000000000e+00 6.275758749576990647e-01 8.961111111111110805e-01 8.375000000000000500e-02 3.500000000000000333e-02
0.000000000000000000e+00 8.119198233292095335e-01 8.961111111111110805e-01 5.468750000000000000e-02 3.500000000000000333e-02
1.000000000000000000e+00 1.251388888888889106e-01 7.734386673441467908e-01 7.687499999999999889e-02 3.500000000000000333e-02
1.000000000000000000e+00 1.252951388888889073e-01 6.298413891780390017e-01 7.656250000000000555e-02 3.500000000000000333e-02
1.000000000000000000e+00 1.251388888888889106e-01 4.862441110119314347e-01 7.687499999999999889e-02 3.500000000000000333e-02
1.000000000000000000e+00 1.251388888888889106e-01 3.426468328458238677e-01 7.687499999999999889e-02 3.500000000000000333e-02
1.000000000000000000e+00 1.249826388888889139e-01 1.990495546797160786e-01 7.718750000000000611e-02 3.500000000000000333e-02
1.000000000000000000e+00 1.251388888888889106e-01 5.545227651360851162e-02 7.687499999999999889e-02 3.500000000000000333e-02
