0.000000000000000000e+00 3.464971281695914951e-01 8.961111111111110805e-01 8.375000000000000500e-02 3.500000000000000333e-02
0.000000000000000000e+00 4.640760791881649583e-01 8.961111111111110805e-01 8.375000000000000500e-02 3.500000000000000333e-02
0.000000000000000000e+00 5.816550302067383660e-01 8.961111111111110805e-01 5.468750000000000000e-02 3.500000000000000333e-02
0.000000000000000000e+00 6.992339812253117737e-01 8.961111111111110805e-01 5.468750000000000000e-02 3.500000000000000333e-02
0.000000000000000000e+00 8.168129322438849593e-01 8.961111111111110805e-01 5.468750000000000000e-02 3.500000000000000333e-02
0.000000000000000000e+00 9.343918832624587001e-01 8.961111111111110805e-01 5.500000000000000028e-02 3.500000000000000333e-02
1.000000000000000000e+00 1.470138888888889162e-01 8.291812940980617386e-01 1.206249999999999961e-01 3.500000000000000333e-02
1.000000000000000000e+00 1.470138888888889162e-01 7.204256591400326482e-01 1.206249999999999961e-01 3.500000000000000333e-02
1.000000000000000000e+00 1.468576388888889195e-01 6.116700241819990058e-01 1.209375000000000033e-01 3.500000000000000333e-02
1.000000000000000000e+00 1.468576388888889195e-01 5.029143892239699154e-01 1.209375000000000033e-01 3.500000000000000333e-02
1.000000000000000000e+00 1.468576388888889195e-01 3.941587542659408250e-01 1.209375000000000033e-01 3.500000000000000333e-02
1.000000000000000000e+00 1.470138888888889162e-01 2.854031193079117346e-01 1.206249999999999961e-01 3.500000000000000333e-02
1.000000000000000000e+00 1.468576388888889195e-01 1.766474843498826441e-01 1.209375000000000033e-01 3.500000000000000333e-02
1.000000000000000000e+00 1.468576388888889195e-01 6.789184939185366474e-02 1.209375000000000033e-01 3.500000000000000333e-02
