0.000000000000000000e+00 3.132974632128183168e-01 8.961111111111110805e-01 8.406249999999999833e-02 3.500000000000000333e-02
0.000000000000000000e+00 4.377534215953521324e-01 8.961111111111110805e-01 8.375000000000000500e-02 3.500000000000000333e-02
0.000000000000000000e+00 5.622093799778860035e-01 8.961111111111110805e-01 8.375000000000000500e-02 3.500000000000000333e-02
0.000000000000000000e+00 6.866653383604196526e-01 8.961111111111110805e-01 5.468750000000000000e-02 3.500000000000000333e-02
0.000000000000000000e+00 8.111212967429534126e-01 8.961111111111110805e-01 5.468750000000000000e-02 3.500000000000000333e-02
0.000000000000000000e+00 9.355772551254872837e-01 8.961111111111110805e-01 5.468750000000000000e-02 3.500000000000000333e-02
1.000000000000000000e+00 1.360763888888888995e-01 8.121197414017887750e-01 9.875000000000000444e-02 3.500000000000000333e-02
1.000000000000000000e+00 1.360763888888888995e-01 7.180424407516010632e-01 9.875000000000000444e-02 3.500000000000000333e-02
1.000000000000000000e+00 1.360763888888888995e-01 6.239651401014089105e-01 9.875000000000000444e-02 3.500000000000000333e-02
1.000000000000000000e+00 1.359201388888889028e-01 5.298878394512167578e-01 9.906249999999999778e-02 3.500000000000000333e-02
1.000000000000000000e+00 1.360763888888888995e-01 4.358105388010290460e-01 9.875000000000000444e-02 3.500000000000000333e-02
1.000000000000000000e+00 1.360763888888888995e-01 3.417332381508367822e-01 9.875000000000000444e-02 3.500000000000000333e-02
1.000000000000000000e+00 1.360763888888888995e-01 2.476559375006490704e-01 9.875000000000000444e-02 3.500000000000000333e-02
1.000000000000000000e+00 1.359201388888889028e-01 1.535786368504568067e-01 9.906249999999999778e-02 3.500000000000000333e-02
1.000000000000000000e+00 1.359201388888889028e-01 5.950133620026465398e-02 9.906249999999999778e-02 3.500000000000000333e-02
