0.000000000000000000e+00 3.548063501218248761e-01 8.961111111111110805e-01 8.375000000000000500e-02 3.500000000000000333e-02
0.000000000000000000e+00 5.437611845963581381e-01 8.961111111111110805e-01 8.375000000000000500e-02 3.500000000000000333e-02
0.000000000000000000e+00 7.327160190708914556e-01 8.961111111111110805e-01 8.406249999999999833e-02 3.500000000000000333e-02
0.000000000000000000e+00 9.216708535454247730e-01 8.961111111111110805e-01 5.468750000000000000e-02 3.500000000000000333e-02
1.000000000000000000e+00 1.393576388888888573e-01 7.386153997033229057e-01 1.059375000000000039e-01 3.500000000000000333e-02
1.000000000000000000e+00 1.540451388888888495e-01 6.169239897393227201e-01 7.656250000000000555e-02 3.500000000000000333e-02
1.000000000000000000e+00 1.538888888888888529e-01 4.952325797753226455e-01 7.687499999999999889e-02 3.500000000000000333e-02
1.000000000000000000e+00 1.538888888888888529e-01 3.735411698113224599e-01 7.687499999999999889e-02 3.500000000000000333e-02
1.000000000000000000e+00 1.537326388888888562e-01 2.518497598473223853e-01 7.718750000000000611e-02 3.500000000000000333e-02
1.000000000000000000e+00 1.540451388888888495e-01 1.301583498833219776e-01 7.656250000000000555e-02 3.500000000000000333e-02
