0.000000000000000000e+00 2.637004403876431757e-01 8.961111111111110805e-01 8.375000000000000500e-02 3.500000000000000333e-02
0.000000000000000000e+00 4.311493849714375659e-01 8.961111111111110805e-01 8.375000000000000500e-02 3.500000000000000333e-02
0.000000000000000000e+00 5.985983295552318451e-01 8.961111111111110805e-01 5.468750000000000000e-02 3.500000000000000333e-02
0.000000000000000000e+00 7.660472741390261797e-01 8.961111111111110805e-01 5.468750000000000000e-02 3.500000000000000333e-02
0.000000000000000000e+00 9.334962187228202923e-01 8.961111111111110805e-01 5.468750000000000000e-02 3.500000000000000333e-02
1.000000000000000000e+00 1.284201388888888684e-01 7.986899337822837008e-01 8.406249999999999833e-02 3.500000000000000333e-02
1.000000000000000000e+00 1.284201388888888684e-01 6.433620529952697176e-01 8.406249999999999833e-02 3.500000000000000333e-02
1.000000000000000000e+00 1.285763888888888651e-01 4.880341722082556233e-01 8.375000000000000500e-02 3.500000000000000333e-02
1.000000000000000000e+00 1.284201388888888684e-01 3.327062914212419731e-01 8.406249999999999833e-02 3.500000000000000333e-02
1.000000000000000000e+00 1.284201388888888684e-01 1.773784106342278788e-01 8.406249999999999833e-02 3.500000000000000333e-02
