0.000000000000000000e+00 2.297454343126257570e-01 8.961111111111110805e-01 8.406249999999999833e-02 3.500000000000000333e-02
0.000000000000000000e+00 3.473537754598572946e-01 8.961111111111110805e-01 8.375000000000000500e-02 3.500000000000000333e-02
0.000000000000000000e+00 4.649621166070888045e-01 8.961111111111110805e-01 8.375000000000000500e-02 3.500000000000000333e-02
0.000000000000000000e+00 5.825704577543202589e-01 8.961111111111110805e-01 5.468750000000000000e-02 3.500000000000000333e-02
0.000000000000000000e+00 7.001787989015517688e-01 8.961111111111110805e-01 5.468750000000000000e-02 3.500000000000000333e-02
0.000000000000000000e+00 8.177871400487830567e-01 8.961111111111110805e-01 5.468750000000000000e-02 3.500000000000000333e-02
0.000000000000000000e+00 9.353954811960144555e-01 8.961111111111110805e-01 5.500000000000000028e-02 3.500000000000000333e-02
1.000000000000000000e+00 1.285763888888889206e-01 8.251362676357156811e-01 8.437500000000000555e-02 3.500000000000000333e-02
1.000000000000000000e+00 1.287326388888889173e-01 7.299741453803105795e-01 8.406249999999999833e-02 3.500000000000000333e-02
1.000000000000000000e+00 1.287326388888889173e-01 6.348120231249054779e-01 8.406249999999999833e-02 3.500000000000000333e-02
1.000000000000000000e+00 1.287326388888889173e-01 5.396499008695005983e-01 8.406249999999999833e-02 3.500000000000000333e-02
1.000000000000000000e+00 1.288888888888889139e-01 4.444877786140952747e-01 8.375000000000000500e-02 3.500000000000000333e-02
1.000000000000000000e+00 1.287326388888889173e-01 3.493256563586902841e-01 8.406249999999999833e-02 3.500000000000000333e-02
1.000000000000000000e+00 1.287326388888889173e-01 2.541635341032852935e-01 8.406249999999999833e-02 3.500000000000000333e-02
1.000000000000000000e+00 1.288888888888889139e-01 1.590014118478803029e-01 8.375000000000000500e-02 3.500000000000000333e-02
1.000000000000000000e+00 1.288888888888889139e-01 6.383928959247531232e-02 8.375000000000000500e-02 3.500000000000000333e-02
