0.000000000000000000e+00 3.804108613544848194e-01 8.961111111111110805e-01 1.059375000000000039e-01 3.500000000000000333e-02
0.000000000000000000e+00 5.266344668523629258e-01 8.961111111111110805e-01 1.059375000000000039e-01 3.500000000000000333e-02
0.000000000000000000e+00 6.728580723502409766e-01 8.961111111111110805e-01 7.656250000000000555e-02 3.500000000000000333e-02
0.000000000000000000e+00 8.190816778481189164e-01 8.961111111111110805e-01 7.687499999999999889e-02 3.500000000000000333e-02
1.000000000000000000e+00 1.504513888888888706e-01 7.724431187944423849e-01 1.281249999999999889e-01 3.500000000000000333e-02
1.000000000000000000e+00 1.504513888888888706e-01 6.530671460386292537e-01 1.281249999999999889e-01 3.500000000000000333e-02
1.000000000000000000e+00 1.506076388888888673e-01 5.336911732828162336e-01 1.278124999999999956e-01 3.500000000000000333e-02
1.000000000000000000e+00 1.504513888888888706e-01 4.143152005270053229e-01 1.281249999999999889e-01 3.500000000000000333e-02
1.000000000000000000e+00 1.506076388888888673e-01 2.949392277711921917e-01 1.278124999999999956e-01 3.500000000000000333e-02
1.000000000000000000e+00 1.504513888888888706e-01 1.755632550153791716e-01 1.281249999999999889e-01 3.500000000000000333e-02
1.000000000000000000e+00 1.506076388888888673e-01 5.618728225956604039e-02 1.278124999999999956e-01 3.500000000000000333e-02
