0.000000000000000000e+00 2.980946187725243002e-01 8.961111111111110805e-01 8.375000000000000500e-02 3.500000000000000333e-02
0.000000000000000000e+00 5.103173117639816514e-01 8.961111111111110805e-01 5.468750000000000000e-02 3.500000000000000333e-02
0.000000000000000000e+00 7.225400047554390026e-01 8.961111111111110805e-01 5.468750000000000000e-02 3.500000000000000333e-02
0.000000000000000000e+00 9.347626977468962428e-01 8.961111111111110805e-01 5.468750000000000000e-02 3.500000000000000333e-02
1.000000000000000000e+00 1.396701388888889062e-01 8.317708761768141112e-01 1.059375000000000039e-01 3.500000000000000333e-02
1.000000000000000000e+00 1.398263888888889028e-01 7.375013232696273624e-01 1.056249999999999967e-01 3.500000000000000333e-02
1.000000000000000000e+00 1.395138888888889095e-01 6.432317703624403915e-01 1.062499999999999972e-01 3.500000000000000333e-02
1.000000000000000000e+00 1.396701388888889062e-01 5.489622174552537537e-01 1.059375000000000039e-01 3.500000000000000333e-02
1.000000000000000000e+00 1.396701388888889062e-01 4.546926645480668938e-01 1.059375000000000039e-01 3.500000000000000333e-02
1.000000000000000000e+00 1.543576388888888984e-01 3.604231116408800339e-01 7.656250000000000555e-02 3.500000000000000333e-02
1.000000000000000000e+00 1.542013888888889017e-01 2.661535587336933961e-01 7.687499999999999889e-02 3.500000000000000333e-02
1.000000000000000000e+00 1.542013888888889017e-01 1.718840058265064252e-01 7.687499999999999889e-02 3.500000000000000333e-02
1.000000000000000000e+00 1.540451388888889050e-01 7.761445291931978741e-02 7.718750000000000611e-02 3.500000000000000333e-02
