0.000000000000000000e+00 2.720038117846642622e-01 8.961111111111110805e-01 8.375000000000000500e-02 3.500000000000000333e-02
0.000000000000000000e+00 3.928129399977369207e-01 8.961111111111110805e-01 5.468750000000000000e-02 3.500000000000000333e-02
0.000000000000000000e+00 5.136220682108095792e-01 8.961111111111110805e-01 5.468750000000000000e-02 3.500000000000000333e-02
0.000000000000000000e+00 6.344311964238822377e-01 8.961111111111110805e-01 5.468749999999993061e-02 3.500000000000000333e-02
0.000000000000000000e+00 7.552403246369547851e-01 8.961111111111110805e-01 5.500000000000000028e-02 3.500000000000000333e-02
0.000000000000000000e+00 8.760494528500274436e-01 8.961111111111110805e-01 5.500000000000000028e-02 3.500000000000000333e-02
1.000000000000000000e+00 1.248263888888889173e-01 7.523105898653037471e-01 7.687499999999999889e-02 3.500000000000000333e-02
1.000000000000000000e+00 1.249826388888889139e-01 5.881257829703037121e-01 7.656250000000000555e-02 3.500000000000000333e-02
1.000000000000000000e+00 1.248263888888889173e-01 4.239409760753037881e-01 7.687499999999999889e-02 3.500000000000000333e-02
1.000000000000000000e+00 1.249826388888889139e-01 2.597561691803039752e-01 7.656250000000000555e-02 3.500000000000000333e-02
1.000000000000000000e+00 1.248263888888889173e-01 9.557136228530427324e-02 7.687499999999999889e-02 3.500000000000000333e-02
